datetime,timestamp,open,high,low,close,volume,spread,real_volume,ema8,ema13,ema21,ema200
2024-12-01 22:00:00,1733090400,149.557,149.68,149.506,149.68,131,72,0,149.68,149.68,149.68,149.68
2024-12-01 22:30:00,1733092200,149.654,149.69,149.363,149.56,999,38,0,149.65333333333334,149.66285714285715,149.6690909090909,149.67880597014928
2024-12-01 23:00:00,1733094000,149.611,150.005,149.549,149.99,1833,9,0,149.72814814814814,149.70959183673472,149.6982644628099,149.68190242815774
2024-12-01 23:30:00,1733095800,149.99,150.062,149.815,149.854,1365,9,0,149.75611522633744,149.73022157434406,149.7124222389181,149.68361484180792
2024-12-02 00:00:00,1733097600,149.858,150.286,149.801,150.033,3233,9,0,149.81764517604023,149.77347563515207,149.74156567174373,149.68709131104367
2024-12-02 00:30:00,1733099400,150.033,150.23,149.975,150.198,3379,9,0,149.9021684702535,149.83412197298748,149.7830597015852,149.6921749795905
2024-12-02 01:00:00,1733101200,150.197,150.402,150.144,150.382,3343,9,0,150.00879769908607,149.9123902625607,149.83750881962288,149.69903891014187
2024-12-02 01:30:00,1733103000,150.381,150.552,150.309,150.528,2495,9,0,150.12417598817805,150.00033451076632,149.9002807451117,149.70728727919519
2024-12-02 02:00:00,1733104800,150.53,150.685,150.467,150.634,2783,9,0,150.23747021302736,150.09085815208545,149.96698249555607,149.71650830129278
2024-12-02 02:30:00,1733106600,150.632,150.672,150.512,150.593,1923,9,0,150.31647683235462,150.16259270178753,150.02389317777823,149.72522961172766
2024-12-02 03:00:00,1733108400,150.592,150.742,150.545,150.647,1841,9,0,150.3899264251647,150.2317937443893,150.08053925252565,149.7344014563871
2024-12-02 03:30:00,1733110200,150.649,150.653,150.498,150.524,1580,9,0,150.4197205529059,150.27353749519085,150.12085386593242,149.7422581583136
2024-12-02 04:00:00,1733112000,150.522,150.612,150.432,150.494,2012,9,0,150.43622709670456,150.30503213873502,150.15477624175674,149.74973817663886
2024-12-02 04:30:00,1733113800,150.495,150.679,150.432,150.575,1813,9,0,150.46706551965912,150.3435989760586,150.19297840159703,149.7579497370703
2024-12-02 05:00:00,1733115600,150.574,150.749,150.51,150.662,2154,9,0,150.5103842930682,150.38908483662166,150.23561672872458,149.7669452620746
2024-12-02 05:30:00,1733117400,150.66,150.746,150.618,150.72,2187,9,0,150.55696556127526,150.43635843139,150.27965157156777,149.77642839379524
2024-12-02 06:00:00,1733119200,150.722,150.726,150.438,150.481,2192,9,0,150.5400843254363,150.4427357983343,150.29795597415253,149.78343905654356
2024-12-02 06:30:00,1733121000,150.484,150.535,150.253,150.325,2760,9,0,150.4922878086727,150.42591639857227,150.30041452195684,149.78882772264762
2024-12-02 07:00:00,1733122800,150.322,150.446,150.128,150.15,3692,9,0,150.41622385118987,150.3864997702048,150.28674047450622,149.79242147665113
2024-12-02 07:30:00,1733124600,150.149,150.255,149.987,150.244,2788,9,0,150.37795188425878,150.36614266017557,150.2828549768238,149.79691479529143
2024-12-02 08:00:00,1733126400,150.246,150.343,150.144,150.263,3161,9,0,150.35240702109016,150.35140799443622,150.28104997893075,149.80155245901986
2024-12-02 08:30:00,1733128200,150.264,150.373,150.072,150.214,2463,9,0,150.32164990529236,150.33177828094534,150.27495452630066,149.8056564146515
2024-12-02 09:00:00,1733130000,150.213,150.215,150.042,150.185,2313,9,0,150.29128325967184,150.31080995509603,150.2667768420915,149.8094309776898
2024-12-02 09:30:00,1733131800,150.187,150.439,150.151,150.345,2010,9,0,150.3032203130781,150.3156942472252,150.273888038265,149.81476002268792
2024-12-02 10:00:00,1733133600,150.344,150.383,150.236,150.307,2165,9,0,150.30406024350518,150.3144522119073,150.27689821660454,149.81965793290993
2024-12-02 10:30:00,1733135400,150.304,150.385,150.158,150.173,1691,9,0,150.2749357449485,150.29424475306342,150.26745292418593,149.82317377437352
2024-12-02 11:00:00,1733137200,150.171,150.235,150.118,150.16,1629,9,0,150.24939446829327,150.27506693119724,150.25768447653266,149.82652527910614
2024-12-02 11:30:00,1733139000,150.16,150.18,150.07,150.147,1708,9,0,150.22664014200586,150.25677165531192,150.24762225139332,149.82971408229912
2024-12-02 12:00:00,1733140800,150.147,150.167,150.02,150.067,2020,9,0,150.19116455489345,150.2296614188388,150.2312020467212,149.8320751362066
2024-12-02 12:30:00,1733142600,150.066,150.133,149.915,150.127,1958,9,0,150.17690576491714,150.2149955018618,150.2217291333829,149.83500971196577
2024-12-02 13:00:00,1733144400,150.128,150.199,150.071,150.188,2368,9,0,150.1793711504911,150.21113900159585,150.2186628485299,149.83852205314022
2024-12-02 13:30:00,1733146200,150.191,150.348,150.038,150.075,3241,9,0,150.15617756149308,150.19169057279646,150.20560258957263,149.84087506753684
2024-12-02 14:00:00,1733148000,150.077,150.077,149.827,149.977,3126,9,0,150.11636032560574,150.16102049096838,150.18482053597512,149.84222954447677
2024-12-02 14:30:00,1733149800,149.978,150.092,149.861,149.988,3798,9,0,150.08783580880447,150.1363032779729,150.1669277599774,149.84367999677053
2024-12-02 15:00:00,1733151600,149.986,150.088,149.716,149.962,6366,9,0,150.0598722957368,150.11140280969107,150.14829796361582,149.8448573102355
2024-12-02 15:30:00,1733153400,149.964,150.24,149.848,149.87,4648,9,0,150.01767845223975,150.07691669402092,150.12299814874166,149.84510748625308
2024-12-02 16:00:00,1733155200,149.869,149.945,149.077,149.157,5859,9,0,149.82641657396425,149.9455000234465,150.0351801352197,149.83826064559386
2024-12-02 16:30:00,1733157000,149.158,149.363,149.112,149.26,4438,9,0,149.7005462241944,149.84757144866845,149.96470921383607,149.83250680832427
2024-12-02 17:00:00,1733158800,149.26,149.436,149.207,149.429,2613,9,0,149.64020261881785,149.7877755274301,149.91600837621462,149.8284918152066
2024-12-02 17:30:00,1733160600,149.43,149.623,149.383,149.592,2076,9,0,149.62949092574723,149.75980759494013,149.886553069286,149.8261386628165
2024-12-02 18:00:00,1733162400,149.592,149.787,149.537,149.701,1993,9,0,149.64538183113672,149.75140650994868,149.86968460844182,149.82489350199248
2024-12-02 18:30:00,1733164200,149.701,149.723,149.607,149.652,1828,9,0,149.64685253532855,149.737205579956,149.84989509858346,149.8231731686393
2024-12-02 19:00:00,1733166000,149.65,149.683,149.563,149.617,1736,9,0,149.64021863858886,149.720033354248,149.82872281689404,149.8211216943245
2024-12-02 19:30:00,1733167800,149.618,149.629,149.486,149.522,1313,9,0,149.61394783001356,149.6917428750697,149.80083892444912,149.81814535905758
2024-12-02 20:00:00,1733169600,149.521,149.645,149.249,149.331,4547,9,0,149.551070534455,149.64020817863118,149.75812629495374,149.81329814155453
2024-12-02 20:30:00,1733171400,149.333,149.535,149.223,149.52,2332,9,0,149.54416597124276,149.6230355816839,149.73647844995793,149.81037975208633
2024-12-02 21:00:00,1733173200,149.512,149.602,149.493,149.564,878,9,0,149.5485735331888,149.61460192715762,149.72079859087083,149.80792821226458
2024-12-02 21:30:00,1733175000,149.561,149.589,149.521,149.575,763,9,0,149.55444608136906,149.60894450899224,149.70754417351893,149.80561051861022
2024-12-02 22:00:00,1733176800,149.561,149.575,149.459,149.561,170,38,0,149.5559025077315,149.60209529342194,149.6942219759263,149.80317658310165
2024-12-02 22:30:00,1733178600,149.482,149.574,149.482,149.521,346,38,0,149.5481463949023,149.59051025150453,149.67847452356935,149.8003688559066
2024-12-02 23:00:00,1733180400,149.546,149.804,149.493,149.767,930,9,0,149.59678052936846,149.61572307271817,149.68652229415395,149.80003682748963
2024-12-02 23:30:00,1733182200,149.765,149.795,149.487,149.507,1251,9,0,149.57682930061992,149.60019120518703,149.6702020855945,149.79712103816138
2024-12-03 00:00:00,1733184000,149.512,149.88,149.492,149.853,3063,9,0,149.63820056714883,149.63630674730317,149.68682007781317,149.79767704773192
2024-12-03 00:30:00,1733185800,149.852,149.931,149.771,149.865,2708,9,0,149.68860044111577,149.66897721197415,149.70301825255743,149.79834692785403
2024-12-03 01:00:00,1733187600,149.864,149.877,149.59,149.837,2421,9,0,149.72157812086783,149.69298046740641,149.71519841141583,149.79873153553706
2024-12-03 01:30:00,1733189400,149.838,149.97,149.707,149.871,2679,9,0,149.7547829828972,149.7184118292055,149.72936219219622,149.7994506247357
2024-12-03 02:00:00,1733191200,149.872,149.994,149.827,149.947,1885,9,0,149.7974978755867,149.75106728217614,149.74914744745112,149.8009187777234
2024-12-03 02:30:00,1733193000,149.947,149.948,149.785,149.858,1382,9,0,149.810942792123,149.7663433847224,149.75904313404646,149.80148675008436
2024-12-03 03:00:00,1733194800,149.859,149.99,149.843,149.974,1530,9,0,149.84717772720677,149.79600861547635,149.77858466731496,149.8032032998348
2024-12-03 03:30:00,1733196600,149.975,150.133,149.86,150.089,1869,9,0,149.9009160100497,149.83786452755118,149.8068042430136,149.80604704809514
2024-12-03 04:00:00,1733198400,150.089,150.197,150.043,150.17,1417,9,0,149.96071245226088,149.88531245218672,149.83982203910327,149.80966847050215
2024-12-03 04:30:00,1733200200,150.171,150.216,150.098,150.142,1227,9,0,150.00099857398067,149.92198210187436,149.86729276282114,149.81297525189018
2024-12-03 05:00:00,1733202000,150.144,150.235,150.064,150.114,1537,9,0,150.02611000198496,149.949413230178,149.88972069347375,149.81597052301566
2024-12-03 05:30:00,1733203800,150.11,150.159,149.99,150.025,1482,9,0,150.0258633348772,149.96021134015257,149.90201881224885,149.81805041830904
2024-12-03 06:00:00,1733205600,150.023,150.163,149.994,150.107,1452,9,0,150.04389370490446,149.9811811487022,149.92065346568077,149.82092553852488
2024-12-03 06:30:00,1733207400,150.11,150.16,149.958,150.106,1649,9,0,150.05769510381458,149.99901241317335,149.93750315061885,149.8237621003306
2024-12-03 07:00:00,1733209200,150.103,150.131,149.896,149.946,1847,9,0,150.03287396963356,149.99143921129144,149.93827559147167,149.82497839783974
2024-12-03 07:30:00,1733211000,149.944,150.059,149.869,150.002,2153,9,0,150.02601308749277,149.99294789539266,149.9440687195197,149.82673980681648
2024-12-03 08:00:00,1733212800,150.001,150.182,149.871,149.945,3138,9,0,150.00801017916103,149.98609819605088,149.94415338138154,149.82791652515664
2024-12-03 08:30:00,1733214600,149.945,149.965,149.819,149.915,2498,9,0,149.98734125045857,149.97594131090074,149.9415030739832,149.82878302739388
2024-12-03 09:00:00,1733216400,149.914,149.92,149.772,149.92,2322,9,0,149.97237652813442,149.9679496950578,149.9395482490756,149.8296906589621
2024-12-03 09:30:00,1733218200,149.922,149.953,149.795,149.812,1939,9,0,149.9367372996601,149.94567116719242,149.92795295370507,149.82951463250478
2024-12-03 10:00:00,1733220000,149.81,149.982,149.761,149.953,1675,9,0,149.94035123306898,149.94671814330778,149.9302299579137,149.83074334262912
2024-12-03 10:30:00,1733221800,149.954,150.078,149.952,150.045,1209,9,0,149.9636065146092,149.96075840854954,149.94066359810333,149.83287524966764
2024-12-03 11:00:00,1733223600,150.047,150.107,149.785,149.81,1687,9,0,149.92947173358493,149.93922149304245,149.92878508918486,149.8326476352431
2024-12-03 11:30:00,1733225400,149.81,149.81,149.675,149.729,1617,9,0,149.88492245945494,149.90918985117926,149.91062280834987,149.83161631548944
2024-12-03 12:00:00,1733227200,149.729,149.869,149.653,149.843,1435,9,0,149.87560635735383,149.89973415815365,149.90447528031805,149.8317295859821
2024-12-03 12:30:00,1733229000,149.843,149.869,149.595,149.681,1962,9,0,149.8323605001641,149.86848642127458,149.88415934574368,149.83022978910665
2024-12-03 13:00:00,1733230800,149.679,149.696,149.393,149.442,2551,9,0,149.74561372234984,149.8075597896639,149.84396304158514,149.82636680613047
2024-12-03 13:30:00,1733232600,149.443,149.443,148.796,148.85,4425,9,0,149.54658845071654,149.67076553399764,149.7536027650774,149.81665171353217
2024-12-03 14:00:00,1733234400,148.848,149.068,148.798,148.843,5357,9,0,149.39023546166842,149.5525133148551,149.6708206955249,149.8069636367806
2024-12-03 14:30:00,1733236200,148.845,148.929,148.638,148.816,5352,9,0,149.26262758129766,149.44729712701866,149.59310972320446,149.79710330208627
2024-12-03 15:00:00,1733238000,148.82,149.142,148.752,148.834,6523,9,0,149.16737700767595,149.35968325173027,149.5240997483677,149.78752018465258
2024-12-03 15:30:00,1733239800,148.836,149.249,148.752,149.146,6033,9,0,149.16262656152574,149.32915707291167,149.48972704397062,149.78113689923316
2024-12-03 16:00:00,1733241600,149.148,149.517,149.139,149.511,4072,9,0,149.2400428811867,149.3551346339243,149.4916609490642,149.77844896988756
2024-12-03 16:30:00,1733243400,149.513,149.514,149.076,149.117,3413,9,0,149.21270001870076,149.32111540050656,149.45760086278563,149.77186738809763
2024-12-03 17:00:00,1733245200,149.119,149.507,149.08,149.382,3092,9,0,149.25032223676726,149.32981320043422,149.45072805707784,149.7679881106041
2024-12-03 17:30:00,1733247000,149.382,149.48,149.151,149.205,2805,9,0,149.24025062859675,149.31198274322935,149.42838914279804,149.7623862388568
2024-12-03 18:00:00,1733248800,149.201,149.212,149.055,149.097,2649,9,0,149.20841715557526,149.28127092276802,149.39826285708912,149.75576548026123
2024-12-03 18:30:00,1733250600,149.094,149.147,148.976,149.037,1956,9,0,149.1703244543363,149.24637507665832,149.36542077917193,149.74861358493524
2024-12-03 19:00:00,1733252400,149.036,149.35,148.96,149.307,1860,9,0,149.20069679781713,149.25503577999285,149.3601097992472,149.74421941991102
2024-12-03 19:30:00,1733254200,149.306,149.536,149.251,149.502,1604,9,0,149.2676530649689,149.29031638285102,149.37300890840655,149.7418092764293
2024-12-03 20:00:00,1733256000,149.503,149.52,149.4,149.454,1260,9,0,149.30906349497582,149.31369975672945,149.38037173491503,149.7389455025345
2024-12-03 20:30:00,1733257800,149.453,149.489,149.4,149.451,1356,9,0,149.34060494053676,149.3333140771967,149.3867924862864,149.73608037315606
2024-12-03 21:00:00,1733259600,149.445,149.555,149.436,149.539,703,9,0,149.3846927315286,149.3626977804543,149.4006295329876,149.73411937441819
2024-12-03 21:30:00,1733261400,149.539,149.584,149.503,149.567,526,9,0,149.42520545785558,149.391883811818,149.41575412089782,149.73245649507075
2024-12-03 22:00:00,1733263200,149.556,149.591,149.453,149.561,173,38,0,149.45538202277658,149.41604326727258,149.42895829172528,149.73075046029393
2024-12-03 22:30:00,1733265000,149.562,149.593,149.471,149.565,327,38,0,149.47974157327067,149.43732280051935,149.44132571975024,149.72910120198256
2024-12-03 23:00:00,1733266800,149.592,149.693,149.562,149.676,616,9,0,149.5233545569883,149.4714195433023,149.46265974522748,149.72857283181358
2024-12-03 23:30:00,1733268600,149.675,149.691,149.57,149.606,1001,9,0,149.5417202109909,149.49064532283055,149.47569067747952,149.72735320164628
2024-12-04 00:00:00,1733270400,149.606,149.827,149.516,149.765,2254,9,0,149.5913379418818,149.52983884814046,149.50199152498138,149.7277277966548
2024-12-04 00:30:00,1733272200,149.765,149.909,149.674,149.866,3141,9,0,149.65237395479696,149.5778618698347,149.53508320452852,149.72910363947415
2024-12-04 01:00:00,1733274000,149.867,150.081,149.805,149.828,2668,9,0,149.6914019648421,149.61359588842973,149.56171200411683,149.7300876828625
2024-12-04 01:30:00,1733275800,149.827,149.962,149.678,149.921,2781,9,0,149.74242375043275,149.65751076151122,149.5943745491971,149.73198730790864
2024-12-04 02:00:00,1733277600,149.924,149.951,149.803,149.861,2096,9,0,149.76877402811436,149.68658065272393,149.61861322654283,149.73327101628766
2024-12-04 02:30:00,1733279400,149.86,149.869,149.687,149.775,1938,9,0,149.77015757742228,149.6992119880491,149.63283020594804,149.73368623005595
2024-12-04 03:00:00,1733281200,149.774,149.776,149.622,149.662,1907,9,0,149.74612256021734,149.69389598975638,149.6354820054073,149.7329729342345
2024-12-04 03:30:00,1733283000,149.662,149.935,149.643,149.93,2574,9,0,149.78698421350236,149.7276251340769,149.66225636855208,149.7349334025506
2024-12-04 04:00:00,1733284800,149.932,150.156,149.932,150.152,2598,9,0,149.86809883272406,149.78825011492307,149.7067785168655,149.73908331894316
2024-12-04 04:30:00,1733286600,150.152,150.168,149.876,149.967,2009,9,0,149.8900768698965,149.81378581279122,149.7304350153323,149.74135114661536
2024-12-04 05:00:00,1733288400,149.966,150.074,149.879,150.046,2353,9,0,149.92472645436393,149.8469592681068,149.75912274121117,149.74438247848985
2024-12-04 05:30:00,1733290200,150.048,150.102,149.934,150.095,2309,9,0,149.96256502006082,149.88239365837723,149.7896570374647,149.74787121004718
2024-12-04 06:00:00,1733292000,150.095,150.166,149.891,149.935,1854,9,0,149.9564394600473,149.8899088500376,149.80287003405883,149.74973318805667
2024-12-04 06:30:00,1733293800,149.937,150.056,149.855,150.003,2227,9,0,149.96678624670346,149.90606472860367,149.8210636673262,149.7522532558372
2024-12-04 07:00:00,1733295600,150.004,150.374,149.975,150.356,3041,9,0,150.05327819188048,149.97034119594602,149.86969424302382,149.7582606861274
2024-12-04 07:30:00,1733297400,150.357,150.435,150.233,150.378,2747,9,0,150.1254385936848,150.02857816795373,149.91590385729438,149.76442724646444
2024-12-04 08:00:00,1733299200,150.379,150.539,150.308,150.411,3385,9,0,150.18889668397708,150.08320985824605,149.96091259754033,149.7708608062011
2024-12-04 08:30:00,1733301000,150.413,150.446,150.294,150.434,2622,9,0,150.2433640875377,150.13332273563947,150.00392054321847,149.77745920613944
2024-12-04 09:00:00,1733302800,150.434,150.748,150.429,150.732,2921,9,0,150.35194984586266,150.21884805911955,150.07010958474405,149.78695712448632
2024-12-04 09:30:00,1733304600,150.73,150.777,150.529,150.622,2409,9,0,150.41196099122652,150.27644119353107,150.1202814406764,149.7952660088198
2024-12-04 10:00:00,1733306400,150.622,150.803,150.611,150.712,2247,9,0,150.4786363265095,150.33866388016952,150.17407403697854,149.80438774007533
2024-12-04 10:30:00,1733308200,150.711,150.89,150.656,150.863,1890,9,0,150.56405047617406,150.4135690401453,150.23670366998047,149.81492119539797
2024-12-04 11:00:00,1733310000,150.862,151.046,150.776,150.94,2549,9,0,150.64759481480206,150.48877346298167,150.30063969998224,149.82611600937412
2024-12-04 11:30:00,1733311800,150.938,150.939,150.772,150.885,1815,9,0,150.70035152262383,150.5453772539843,150.3537633636202,149.83665216848482
2024-12-04 12:00:00,1733313600,150.886,151.055,150.853,151.035,2092,9,0,150.77471785092965,150.615323360558,150.41569396692745,149.84857602750486
2024-12-04 12:30:00,1733315400,151.037,151.222,150.972,151.166,2312,9,0,150.86166943961194,150.69399145190687,150.4839036062977,149.8616847237486
2024-12-04 13:00:00,1733317200,151.168,151.229,150.928,150.951,2852,9,0,150.88152067525374,150.73070695877732,150.5263669148161,149.87252368172128
2024-12-04 13:30:00,1733319000,150.953,151.138,150.801,151.069,5503,9,0,150.92318274741956,150.77903453609485,150.57569719528738,149.88442891871907
2024-12-04 14:00:00,1733320800,151.069,151.129,150.865,150.909,2840,9,0,150.92003102577075,150.79760103093847,150.60599745026124,149.89462365584626
2024-12-04 14:30:00,1733322600,150.911,150.959,150.807,150.86,3533,9,0,150.9066907978217,150.80651516937584,150.62908859114657,149.90422939061398
2024-12-04 15:00:00,1733324400,150.861,150.861,150.379,150.467,5870,9,0,150.8089817316391,150.75801300232217,150.6143532646787,149.90982909817006
2024-12-04 15:30:00,1733326200,150.468,150.676,150.277,150.39,4283,9,0,150.71587468016375,150.70543971627615,150.59395751334426,149.9146069180888
2024-12-04 16:00:00,1733328000,150.388,150.443,150.056,150.149,3556,9,0,150.58990252901623,150.6259483282367,150.55350683031295,149.91693918756056
2024-12-04 16:30:00,1733329800,150.151,150.237,150.051,150.184,2283,9,0,150.4997019670126,150.56281285277433,150.5199153002845,149.9195965090774
2024-12-04 17:00:00,1733331600,150.184,150.238,149.987,150.057,2352,9,0,150.40132375212093,150.4905538738066,150.47783209116773,149.92096370799206
2024-12-04 17:30:00,1733333400,150.058,150.217,150.047,150.165,2012,9,0,150.3488073627607,150.44404617754853,150.4493928101525,149.92339192980307
2024-12-04 18:00:00,1733335200,150.164,150.22,150.094,150.135,1413,9,0,150.30129461548054,150.39989672361304,150.42081164559318,149.92549748274038
2024-12-04 18:30:00,1733337000,150.135,150.434,150.037,150.416,1802,9,0,150.32678470092932,150.40219719166834,150.42037422326652,149.93037810480268
2024-12-04 19:00:00,1733338800,150.414,150.594,150.226,150.356,4805,9,0,150.3332769896117,150.3955975928586,150.41452202115138,149.93461314853602
2024-12-04 19:30:00,1733340600,150.355,150.446,150.215,150.438,2319,9,0,150.35654876969798,150.40165507959307,150.4166563828649,149.9396219729287
2024-12-04 20:00:00,1733342400,150.434,150.662,150.432,150.628,1740,9,0,150.41687126532065,150.4339900682226,150.4358694389681,149.94647150553638
2024-12-04 20:30:00,1733344200,150.63,150.669,150.501,150.513,1932,9,0,150.4382332063605,150.44527720133368,150.4428813081528,149.95210860498378
2024-12-04 21:00:00,1733346000,150.51,150.604,150.471,150.604,798,9,0,150.47507027161373,150.46795188685746,150.45752846195708,149.95859508652623
2024-12-04 21:30:00,1733347800,150.604,150.652,150.4,150.44,649,9,0,150.4672768779218,150.46395876016354,150.45593496541554,149.96338518516777
2024-12-04 22:00:00,1733349600,150.414,150.484,150.302,150.403,200,71,0,150.4529931272725,150.45525036585445,150.4511226958323,149.96775946193227
2024-12-04 22:30:00,1733351400,150.4,150.534,150.352,150.483,461,38,0,150.45966132121194,150.45921459930383,150.4540206325748,149.97288623345534
2024-12-04 23:00:00,1733353200,150.519,150.757,150.514,150.729,841,9,0,150.51951436094262,150.49775537083187,150.4790187568862,149.98040975352046
2024-12-04 23:30:00,1733355000,150.729,150.729,150.504,150.543,1188,9,0,150.52473339184425,150.50421888928446,150.4848352335329,149.98600766642076
2024-12-05 00:00:00,1733356800,150.545,150.545,150.297,150.36,2475,9,0,150.4881259714344,150.48361619081524,150.47348657593898,149.9897289831728
2024-12-05 00:30:00,1733358600,150.362,150.431,150.19,150.221,2871,9,0,150.428764644449,150.44609959212738,150.45053325085362,149.99203018732035
2024-12-05 01:00:00,1733360400,150.223,150.374,150.185,150.276,2782,9,0,150.39481694568255,150.4217996503949,150.4346665916851,149.99485575759576
2024-12-05 01:30:00,1733362200,150.276,150.677,150.182,150.537,3820,9,0,150.42641317997533,150.43825684319563,150.44396962880464,150.00025022766945
2024-12-05 02:00:00,1733364000,150.534,150.56,150.259,150.367,2144,9,0,150.41321025109193,150.42807729416768,150.4369723898224,150.0038994791354
2024-12-05 02:30:00,1733365800,150.364,150.368,150.212,150.332,2136,9,0,150.39516352862705,150.41435196642945,150.4274294452931,150.00716416093508
2024-12-05 03:00:00,1733367600,150.334,150.338,150.192,150.232,1688,9,0,150.35890496670993,150.38830168551098,150.40966313208463,150.00940133346307
2024-12-05 03:30:00,1733369400,150.231,150.343,150.231,150.286,1339,9,0,150.34270386299661,150.37368715900942,150.39842102916785,150.01215355900078
2024-12-05 04:00:00,1733371200,150.286,150.347,150.231,150.319,1243,9,0,150.33743633788623,150.36587470772236,150.39120093560712,150.0152067574187
2024-12-05 04:30:00,1733373000,150.318,150.424,150.316,150.383,1324,9,0,150.34756159613374,150.36832117804772,150.39045539600647,150.01886639167324
2024-12-05 05:00:00,1733374800,150.384,150.394,150.054,150.118,1572,9,0,150.29654790810403,150.3325610097552,150.36568672364223,150.0198527957362
2024-12-05 05:30:00,1733376600,150.118,150.184,149.781,149.927,4619,9,0,150.21442615074758,150.27462372264733,150.32580611240203,150.01892888732093
2024-12-05 06:00:00,1733378400,149.929,149.929,149.69,149.812,2917,9,0,150.1249981172481,150.208534619412,150.27909646582,150.01686989341724
2024-12-05 06:30:00,1733380200,149.815,149.849,149.656,149.776,2477,9,0,150.04744298008188,150.146743959496,150.23336042347273,150.01447317805986
2024-12-05 07:00:00,1733382000,149.778,150.017,149.776,149.976,2494,9,0,150.0315667622859,150.1223519652823,150.20996402133883,150.01409036036773
2024-12-05 07:30:00,1733383800,149.978,149.983,149.706,149.782,2165,9,0,149.97610748177794,150.07373025595626,150.1710582012171,150.01178100354815
2024-12-05 08:00:00,1733385600,149.78,149.942,149.649,149.869,2700,9,0,149.95230581916064,150.04448307653394,150.14359836474281,150.0103602970452
2024-12-05 08:30:00,1733387400,149.868,150.211,149.851,150.186,2250,9,0,150.00423785934717,150.06469977988624,150.1474530588571,150.01210795578106
2024-12-05 09:00:00,1733389200,150.187,150.279,150.101,150.23,1750,9,0,150.0544072239367,150.08831409704536,150.15495732623373,150.01427603582306
2024-12-05 09:30:00,1733391000,150.23,150.311,150.134,150.305,1727,9,0,150.11009450750632,150.1192692260389,150.1685975693034,150.017168811586
2024-12-05 10:00:00,1733392800,150.306,150.317,150.203,150.241,1479,9,0,150.13918461694936,150.1366593366048,150.17517960845763,150.01939598759014
2024-12-05 10:30:00,1733394600,150.243,150.35,150.088,150.115,1643,9,0,150.1338102576273,150.13356514566127,150.1697087349615,150.02034727129572
2024-12-05 11:00:00,1733396400,150.117,150.234,150.096,150.208,1380,9,0,150.15029686704344,150.1441986962811,150.17318975905587,150.02221446262612
2024-12-05 11:30:00,1733398200,150.208,150.22,150.038,150.154,1599,9,0,150.15111978547822,150.14559888252668,150.17144523550533,150.02352576150545
2024-12-05 12:00:00,1733400000,150.153,150.401,150.141,150.393,1848,9,0,150.20487094426085,150.1809418993086,150.19158657773212,150.0272021220875
2024-12-05 12:30:00,1733401800,150.391,150.502,150.366,150.396,2173,9,0,150.24734406775843,150.21166448512167,150.2101696161201,150.0308717527135
2024-12-05 13:00:00,1733403600,150.394,150.481,150.322,150.384,2957,9,0,150.277712052701,150.23628384439002,150.225972378291,150.03438546661687
2024-12-05 13:30:00,1733405400,150.381,150.694,150.194,150.604,5438,9,0,150.3502204854341,150.2888147237629,150.26033852571908,150.04005327291918
2024-12-05 14:00:00,1733407200,150.603,150.614,150.393,150.513,3001,9,0,150.3863937108932,150.32084119179677,150.2833077506537,150.04475921050206
2024-12-05 14:30:00,1733409000,150.515,150.594,150.272,150.481,3580,9,0,150.40741733069473,150.3437210215401,150.30127977332157,150.04909991487517
2024-12-05 15:00:00,1733410800,150.483,150.5,150.276,150.308,3583,9,0,150.38532459054034,150.33861801846294,150.3018907030196,150.05167603512518
2024-12-05 15:30:00,1733412600,150.308,150.485,150.172,150.244,3065,9,0,150.3539191259758,150.32510115868254,150.296627911836,150.05358970641748
2024-12-05 16:00:00,1733414400,150.242,150.334,150.094,150.144,2815,9,0,150.30727043131452,150.29922956458503,150.28275264712363,150.05448931132875
2024-12-05 16:30:00,1733416200,150.144,150.217,150.096,150.201,2045,9,0,150.2836547799113,150.28519676964433,150.27532058829422,150.05594712912648
2024-12-05 17:00:00,1733418000,150.198,150.219,150.069,150.125,2031,9,0,150.24839816215322,150.262311516838,150.26165508026747,150.05663422236898
2024-12-05 17:30:00,1733419800,150.125,150.169,150.067,150.131,1589,9,0,150.22230968167472,150.24355272871827,150.2497773456977,150.05737418035537
2024-12-05 18:00:00,1733421600,150.132,150.29,150.117,150.289,1277,9,0,150.23712975241367,150.25004519604423,150.25334304154336,150.05967891487919
2024-12-05 18:30:00,1733423400,150.289,150.347,150.145,150.152,1382,9,0,150.21821202965506,150.2360387394665,150.24413003776667,150.0605975326416
2024-12-05 19:00:00,1733425200,150.154,150.154,149.972,150.053,1663,9,0,150.1814982452873,150.20989034811413,150.22675457978787,150.0605219353019
2024-12-05 19:30:00,1733427000,150.052,150.074,149.915,150.015,1596,9,0,150.14449863522344,150.18204886981212,150.2075041634435,150.06006898072178
2024-12-05 20:00:00,1733428800,150.015,150.078,149.949,149.972,1218,9,0,150.10616560517377,150.1520418884104,150.18609469403955,150.05919267245588
2024-12-05 20:30:00,1733430600,149.971,150.098,149.949,150.082,1064,9,0,150.1007954706907,150.1420359043518,150.17663154003594,150.0594196110384
2024-12-05 21:00:00,1733432400,150.068,150.113,150.036,150.069,591,9,0,150.0937298105372,150.13160220373013,150.16684685457813,150.05951493829176
2024-12-05 21:30:00,1733434200,150.069,150.101,150.058,150.085,674,9,0,150.09178985264006,150.12494474605438,150.15940623143467,150.05976852099533
2024-12-05 22:00:00,1733436000,150.067,150.08,149.923,150.027,192,38,0,150.07739210760894,150.1109526394752,150.14736930130425,150.05944246606006
2024-12-05 22:30:00,1733437800,149.972,150.077,149.932,150.03,376,38,0,150.0668605281403,150.099387976693,150.13669936482202,150.05914950619876
2024-12-05 23:00:00,1733439600,150.063,150.185,150.049,150.167,853,9,0,150.0891137441091,150.10904683716547,150.13945396802,150.06022264544058
2024-12-05 23:30:00,1733441400,150.166,150.227,150.112,150.112,867,9,0,150.09419957875153,150.10946871757042,150.13695815274545,150.06073784299838
2024-12-06 00:00:00,1733443200,150.117,150.274,150.027,150.053,2372,9,0,150.08504411680673,150.10140175791753,150.12932559340496,150.0606608495357
2024-12-06 00:30:00,1733445000,150.053,150.123,149.86,150.097,2809,9,0,150.08770097973857,150.1007729353579,150.1263869030954,150.06102243312242
2024-12-06 01:00:00,1733446800,150.095,150.157,150.018,150.147,2479,9,0,150.10087853979667,150.10737680173534,150.12826082099582,150.0618779313003
2024-12-06 01:30:00,1733448600,150.146,150.222,150.027,150.043,1991,9,0,150.08801664206408,150.09818011577315,150.1205098372689,150.06169009118787
2024-12-06 02:00:00,1733450400,150.04,150.042,149.914,149.965,2142,9,0,150.06067961049428,150.07915438494842,150.10637257933536,150.0607280007283
2024-12-06 02:30:00,1733452200,149.963,150.025,149.811,149.829,1636,9,0,150.00919525260667,150.04341804424152,150.08115689030487,150.05842224947725
2024-12-06 03:00:00,1733454000,149.826,149.838,149.763,149.8,1363,9,0,149.9627074186941,150.00864403792133,150.05559717300443,150.05585088381082
2024-12-06 03:30:00,1733455800,149.799,149.918,149.767,149.876,1262,9,0,149.94343910342874,149.98969488964687,150.03927015727675,150.05406132277787
2024-12-06 04:00:00,1733457600,149.875,149.939,149.825,149.922,1057,9,0,149.93867485822236,149.9800241911259,150.02860923388795,150.05274727976519
2024-12-06 04:30:00,1733459400,149.922,150.021,149.88,149.974,1188,9,0,149.9465248897285,149.97916359239363,150.02364475807994,150.05196372474268
2024-12-06 05:00:00,1733461200,149.977,150.066,149.946,150.004,1229,9,0,149.9592971364555,149.98271165062312,150.02185887098176,150.05148647375023
2024-12-06 05:30:00,1733463000,150.004,150.045,149.874,149.931,1378,9,0,149.95300888390983,149.97532427196268,150.01359897361976,150.05028760336467
2024-12-06 06:00:00,1733464800,149.929,150.02,149.845,149.913,1542,9,0,149.94411802081876,149.96642080453944,150.0044536123816,150.04892155756005
2024-12-06 06:30:00,1733466600,149.912,149.95,149.768,149.864,1548,9,0,149.92631401619235,149.9517892610338,149.9916851021651,150.04708154206196
2024-12-06 07:00:00,1733468400,149.859,150.168,149.817,150.142,2173,9,0,149.97424423481627,149.97896222374328,150.00535009287734,150.04802600433
2024-12-06 07:30:00,1733470200,150.143,150.167,150.041,150.088,1892,9,0,149.999523293746,149.99453904892283,150.01286372079758,150.04842375553073
2024-12-06 08:00:00,1733472000,150.09,150.347,150.088,150.332,2376,9,0,150.0734070062469,150.04274775621957,150.04187610981597,150.05124540970456
2024-12-06 08:30:00,1733473800,150.331,150.415,150.29,150.364,1811,9,0,150.13798322708092,150.0886409339025,150.0711600998327,150.05435739567767
2024-12-06 09:00:00,1733475600,150.362,150.563,150.357,150.539,1616,9,0,150.2270980655074,150.15297794334498,150.1136909998479,150.05917971014853
2024-12-06 09:30:00,1733477400,150.54,150.602,150.527,150.57,1438,9,0,150.30329849539464,150.21255252286713,150.15517363622536,150.06426249910228
2024-12-06 10:00:00,1733479200,150.57,150.685,150.495,150.661,1480,9,0,150.3827877186403,150.27661644817184,150.20115785111395,150.07020018567837
2024-12-06 10:30:00,1733481000,150.661,150.697,150.545,150.57,1529,9,0,150.42439044783134,150.3185283841473,150.23468895555814,150.0751733181592
2024-12-06 11:00:00,1733482800,150.571,150.618,150.498,150.523,1520,9,0,150.4463036816466,150.3477386149834,150.2608990505074,150.07962930504317
2024-12-06 11:30:00,1733484600,150.523,150.581,150.47,150.507,1338,9,0,150.45979175239182,150.37049024141436,150.2832718640976,150.0838817497691
2024-12-06 12:00:00,1733486400,150.507,150.654,150.424,150.48,1787,9,0,150.46428247408252,150.38613449264088,150.30115624008872,150.08782322489577
2024-12-06 12:30:00,1733488200,150.478,150.521,150.365,150.403,1678,9,0,150.45066414650861,150.38854385083505,150.310414763717,150.09095931221026
2024-12-06 13:00:00,1733490000,150.406,150.575,150.372,150.556,2457,9,0,150.47407211395114,150.41246615785863,150.3327406942882,150.09558658273554
2024-12-06 13:30:00,1733491800,150.555,150.555,149.648,149.66,9707,9,0,150.29316719973977,150.30497099245025,150.27158244935288,150.09125238788243
2024-12-06 14:00:00,1733493600,149.662,149.883,149.368,149.491,8143,9,0,150.11490782201983,150.18868942210023,150.20062040850263,150.08527972730647
2024-12-06 14:30:00,1733495400,149.493,149.783,149.355,149.657,6262,9,0,150.01315052823765,150.11273379037164,150.15120037136603,150.08101823748254
2024-12-06 15:00:00,1733497200,149.658,150.041,149.634,149.851,4676,9,0,149.97711707751816,150.07534324888996,150.12390942851457,150.07872949880112
2024-12-06 15:30:00,1733499000,149.85,150.04,149.796,149.866,4645,9,0,149.95242439362522,150.04543707047713,150.10046311683143,150.07661278737027
2024-12-06 16:00:00,1733500800,149.867,150.113,149.838,149.918,4046,9,0,149.94477452837518,150.02723177469468,150.08387556075587,150.07503455068002
2024-12-06 16:30:00,1733502600,149.918,149.929,149.672,149.788,2822,9,0,149.9099357442918,149.99305580688116,150.05697778250533,150.07217848549914
2024-12-06 17:00:00,1733504400,149.786,150.04,149.786,149.969,2382,9,0,149.92306113444917,149.989619263041,150.04897980227756,150.07115183390212
2024-12-06 17:30:00,1733506200,149.967,150.038,149.871,149.956,1896,9,0,149.93038088234934,149.984816511178,150.0405270929796,150.07000604451005
2024-12-06 18:00:00,1733508000,149.959,150.044,149.938,149.968,1564,9,0,149.9387406862717,149.9824141524383,150.03393372089056,150.06899105899254
2024-12-06 18:30:00,1733509800,149.968,150.014,149.875,149.984,1188,10,0,149.94879831154466,149.98264070208998,150.0293942917187,150.06814537681353
2024-12-06 19:00:00,1733511600,149.98,150.129,149.965,150.06,1161,11,0,149.97350979786808,149.99369203036284,150.03217662883517,150.06806432828802
2024-12-06 19:30:00,1733513400,150.061,150.087,149.963,149.967,1377,11,0,149.9720631761196,149.98987888316816,150.02625148075924,150.06705871308117
2024-12-06 20:00:00,1733515200,149.963,150.01,149.949,149.999,1047,11,0,149.9780491369819,149.99118189985842,150.0237740734175,150.066381511956
2024-12-06 20:30:00,1733517000,149.999,150.051,149.952,149.957,1034,11,0,149.97337155098592,149.98629877130725,150.01770370310683,150.0652931387027
2024-12-06 21:00:00,1733518800,149.949,149.99,149.934,149.954,619,12,0,149.96906676187794,149.9816846611205,150.01191245736982,150.06418574428776
2024-12-06 21:30:00,1733520600,149.955,150.041,149.944,150.04,624,12,0,149.98482970368283,149.9900154238176,150.01446587033618,150.06394509011574
2024-12-08 22:00:00,1733695200,149.883,150.039,149.817,149.982,324,66,0,149.9842008806422,149.9888703632722,150.01151442757833,150.06312971608472
2024-12-08 22:30:00,1733697000,149.932,150.033,149.805,149.988,558,38,0,149.98504512938837,149.9887460256619,150.00937675234394,150.0623821567207
2024-12-08 23:00:00,1733698800,150.0,150.01,149.845,149.965,923,9,0,149.98059065619094,149.98535373628164,150.00534250213084,150.0614131800369
2024-12-08 23:30:00,1733700600,149.968,150.036,149.883,149.884,843,9,0,149.95912606592628,149.97087463109855,149.99431136557348,150.0596478747629
2024-12-09 00:00:00,1733702400,149.887,149.965,149.723,149.769,2280,9,0,149.91687582905377,149.94203539808447,149.9738285141577,150.05675585610854
2024-12-09 00:30:00,1733704200,149.769,149.848,149.688,149.839,2607,9,0,149.89957008926405,149.92731605550097,149.96157137650698,150.05458913117215
2024-12-09 01:00:00,1733706000,149.838,149.944,149.758,149.775,1825,9,0,149.87188784720536,149.90555661900083,149.94461034227908,150.05180714976746
2024-12-09 01:30:00,1733707800,149.775,150.05,149.748,149.91,2029,9,0,149.88035721449307,149.90619138771498,149.94146394752642,150.05039613335185
2024-12-09 02:00:00,1733709600,149.911,149.992,149.889,149.958,1636,9,0,149.89761116682794,149.9135926180414,149.942967225024,150.0494767688409
2024-12-09 02:30:00,1733711400,149.958,149.98,149.856,149.907,1438,9,0,149.8996975741995,149.91265081546408,149.93969747729454,150.04805908954893
2024-12-09 03:00:00,1733713200,149.906,150.006,149.875,149.966,1311,9,0,149.91443144659962,149.92027212754064,149.9420886157223,150.04724258119523
2024-12-09 03:30:00,1733715000,149.965,150.034,149.928,149.975,1170,9,0,149.92789112513304,149.92809039503481,149.94508055974754,150.04652374954156
2024-12-09 04:00:00,1733716800,149.977,149.991,149.906,149.976,1157,9,0,149.9385819862146,149.93493462431556,149.9478914179523,150.04582202069042
2024-12-09 04:30:00,1733718600,149.977,149.977,149.832,149.891,1342,9,0,149.92800821150024,149.92865824941333,149.9427194708657,150.0442815030716
2024-12-09 05:00:00,1733720400,149.892,149.966,149.855,149.912,1240,9,0,149.92445083116687,149.92627849949716,149.9399267916961,150.04296526921019
2024-12-09 05:30:00,1733722200,149.91,149.987,149.877,149.962,1202,9,0,149.93279509090755,149.9313815709976,149.94193344699647,150.04215964464092
2024-12-09 06:00:00,1733724000,149.963,150.189,149.936,150.153,1568,9,0,149.9817295151503,149.96304134656938,149.96112131545132,150.043262533749
2024-12-09 06:30:00,1733725800,150.156,150.161,150.043,150.138,1592,9,0,150.01645628956135,149.98803543991662,149.97720119586484,150.04420519510472
2024-12-09 07:00:00,1733727600,150.136,150.242,150.124,150.15,1825,9,0,150.04613266965882,150.01117323421423,149.99291017805893,150.04525787973057
2024-12-09 07:30:00,1733729400,150.147,150.348,150.107,150.34,2290,9,0,150.11143652084576,150.05814848646935,150.0244637982354,150.0481906371462
2024-12-09 08:00:00,1733731200,150.341,150.458,150.31,150.427,2430,9,0,150.1815617384356,150.11084155983087,150.0610579983958,150.05195988453778
2024-12-09 08:30:00,1733733000,150.428,150.519,150.365,150.413,1897,9,0,150.23299246322767,150.1540070512836,150.09305272581435,150.0555523234976
2024-12-09 09:00:00,1733734800,150.412,150.485,150.343,150.401,1889,9,0,150.2703274713993,150.1892917582431,150.12104793255847,150.05898961381106
2024-12-09 09:30:00,1733736600,150.402,150.485,150.343,150.415,1822,9,0,150.30247692219945,150.2215357927798,150.14777084778044,150.06253200571345
2024-12-09 10:00:00,1733738400,150.414,150.478,150.35,150.383,1534,9,0,150.32037093948844,150.24460210809696,150.16915531616402,150.065720741975
2024-12-09 10:30:00,1733740200,150.385,150.457,150.359,150.453,1185,9,0,150.34984406404658,150.2743732355117,150.19495937833094,150.0695742669305
2024-12-09 11:00:00,1733742000,150.453,150.5,150.42,150.462,1061,9,0,150.37476760536956,150.30117705901003,150.21923579848266,150.0734790005929
2024-12-09 11:30:00,1733743800,150.462,150.494,150.384,150.485,1204,9,0,150.39926369306522,150.32743747915146,150.2433961804388,150.0775737369054
2024-12-09 12:00:00,1733745600,150.487,150.639,150.436,150.621,1354,9,0,150.44853842793964,150.36937498212984,150.2777238003989,150.08298096340388
2024-12-09 12:30:00,1733747400,150.622,150.841,150.616,150.765,1740,9,0,150.51886322173084,150.4258928418256,150.32202163672628,150.08976722247448
2024-12-09 13:00:00,1733749200,150.765,150.946,150.762,150.833,2048,9,0,150.58867139467952,150.48405100727908,150.3684742152057,150.09716257349464
2024-12-09 13:30:00,1733751000,150.832,150.899,150.739,150.87,2186,9,0,150.65118886252853,150.53918657766778,150.4140674683688,150.1048524981365
2024-12-09 14:00:00,1733752800,150.869,150.917,150.75,150.771,1895,9,0,150.6778135597444,150.5723027808581,150.44651588033526,150.1114808314884
2024-12-09 14:30:00,1733754600,150.77,150.944,150.693,150.928,2411,9,0,150.73341054646787,150.62311666930697,150.49028716394113,150.11960540032933
2024-12-09 15:00:00,1733756400,150.931,151.208,150.919,151.205,2459,9,0,150.83820820280835,150.70624285940596,150.5552610581283,150.13040534659473
2024-12-09 15:30:00,1733758200,151.208,151.241,150.977,151.02,2482,9,0,150.87860637996204,150.75106530806227,150.59751005284392,150.1392570346883
2024-12-09 16:00:00,1733760000,151.022,151.058,150.966,151.028,1840,9,0,150.9118049621927,150.79062740691052,150.63664550258537,150.14810024827352
2024-12-09 16:30:00,1733761800,151.029,151.244,151.022,151.234,1408,9,0,150.98340385948322,150.85396634878043,150.6909504568958,150.15890522092752
2024-12-09 17:00:00,1733763600,151.234,151.322,151.199,151.261,1484,9,0,151.04509189070916,150.91211401324037,150.74277314263253,150.16987133813222
2024-12-09 17:30:00,1733765400,151.264,151.345,151.243,151.324,1180,9,0,151.10707147055157,150.97095486849173,150.79561194784773,150.1813552054145
2024-12-09 18:00:00,1733767200,151.327,151.334,151.228,151.261,899,9,0,151.14127781042902,151.01238988727863,150.83791995258883,150.19209793968898
2024-12-09 18:30:00,1733769000,151.261,151.321,151.251,151.267,852,9,0,151.16921607477812,151.04876276052454,150.8769272296262,150.20279348257765
2024-12-09 19:00:00,1733770800,151.267,151.312,151.258,151.28,819,9,0,151.1938347248274,151.0817966518782,150.91357020875108,150.21351195538782
2024-12-09 19:30:00,1733772600,151.28,151.288,151.177,151.236,948,9,0,151.20320478597688,151.10382570160988,150.94288200795552,150.22368596578198
2024-12-09 20:00:00,1733774400,151.234,151.27,151.205,151.266,959,9,0,151.21715927798203,151.12699345852275,150.97225637086865,150.23405724970453
2024-12-09 20:30:00,1733776200,151.266,151.292,151.161,151.213,1027,9,0,151.216234993986,151.1392801073052,150.9941421553351,150.24379797358807
2024-12-09 21:00:00,1733778000,151.215,151.242,151.128,151.203,618,9,0,151.21329388421134,151.14838294911877,151.01312923212282,150.25334227235837
2024-12-09 21:30:00,1733779800,151.207,151.237,151.168,151.193,526,9,0,151.20878413216437,151.15475681353038,151.02948112011165,150.26269210049412
2024-12-09 22:00:00,1733781600,151.165,151.207,151.02,151.203,239,38,0,151.20749876946118,151.16164869731176,151.04525556373787,150.27204839800166
2024-12-09 22:30:00,1733783400,151.209,151.248,151.09,151.209,649,38,0,151.20783237624758,151.1684131691244,151.06014142157989,150.28137129951406
2024-12-09 23:00:00,1733785200,151.239,151.393,151.182,151.392,808,9,0,151.24875851485922,151.20035414496377,151.09031038325443,150.2924223313597
2024-12-09 23:30:00,1733787000,151.392,151.424,151.257,151.386,962,9,0,151.27925662266827,151.22687498139751,151.11719125750403,150.3033037011969
2024-12-10 00:00:00,1733788800,151.389,151.451,151.224,151.256,2156,9,0,151.27408848429755,151.23103569834075,151.12981023409458,150.31278326635913
2024-12-10 00:30:00,1733790600,151.258,151.488,151.236,151.437,2601,9,0,151.31029104334254,151.26045917000638,151.1577365764496,150.32396950251479
2024-12-10 01:00:00,1733792400,151.436,151.546,151.42,151.436,1808,9,0,151.3382263670442,151.28553643143405,151.1830332513178,150.33503448258926
2024-12-10 01:30:00,1733794200,151.435,151.436,151.279,151.312,1568,9,0,151.33239828547883,151.28931694122917,151.19475750119798,150.34475553251377
2024-12-10 02:00:00,1733796000,151.312,151.312,151.105,151.161,2157,9,0,151.29430977759463,151.27098594962501,151.19168863745273,150.35287736801115
2024-12-10 02:30:00,1733797800,151.164,151.257,151.033,151.196,2082,9,0,151.27246316035138,151.26027367110717,151.1920805795025,150.36126664793144
2024-12-10 03:00:00,1733799600,151.197,151.27,151.172,151.193,1362,9,0,151.2548046802733,151.2506631466633,151.19216416318406,150.36954260168338
2024-12-10 03:30:00,1733801400,151.193,151.252,151.03,151.069,1735,9,0,151.2135147513237,151.22471126856854,151.18096742107642,150.376502376791
2024-12-10 04:00:00,1733803200,151.067,151.096,150.981,151.021,1494,9,0,151.17073369547398,151.19560965877304,151.16642492825127,150.38291528846474
2024-12-10 04:30:00,1733805000,151.019,151.143,150.948,151.126,1616,9,0,151.16079287425754,151.18566542180548,151.16274993477387,150.39030916619146
2024-12-10 05:00:00,1733806800,151.126,151.295,151.093,151.256,1295,9,0,151.18195001331142,151.19571321869043,151.1712272134308,150.39892300533384
2024-12-10 05:30:00,1733808600,151.255,151.257,150.895,150.933,1610,9,0,151.1266277881311,151.15818275887753,151.14957019402797,150.40423720428575
2024-12-10 06:00:00,1733810400,150.933,151.13,150.896,151.085,1861,9,0,151.1173771685464,151.14772807903788,151.14370017638907,150.4110109634471
2024-12-10 06:30:00,1733812200,151.083,151.271,151.076,151.218,1757,9,0,151.1397377977583,151.15776692488961,151.15045470580824,150.41904070510435
2024-12-10 07:00:00,1733814000,151.221,151.324,151.176,151.32,1772,9,0,151.17979606492312,151.18094307847682,151.16586791437112,150.4280054742078
2024-12-10 07:30:00,1733815800,151.322,151.581,151.311,151.549,2062,9,0,151.2618413838291,151.2335226386944,151.20069810397374,150.4391596485938
2024-12-10 08:00:00,1733817600,151.553,151.783,151.551,151.579,2701,9,0,151.33232107631153,151.28287654745236,151.23508918543067,150.45050134363268
2024-12-10 08:30:00,1733819400,151.577,151.643,151.501,151.631,2476,9,0,151.39869417046452,151.3326084692449,151.27108107766423,150.46224759891993
2024-12-10 09:00:00,1733821200,151.632,151.661,151.409,151.492,2328,9,0,151.41942879925017,151.35537868792417,151.29116461605838,150.47249389146802
2024-12-10 09:30:00,1733823000,151.49,151.615,151.415,151.592,1939,9,0,151.45777795497236,151.38918173250644,151.3185132873258,150.48363325573203
2024-12-10 10:00:00,1733824800,151.595,151.608,151.495,151.515,1577,9,0,151.4704939649785,151.40715577071984,151.33637571575073,150.4938956113964
2024-12-10 10:30:00,1733826600,151.518,151.585,151.466,151.585,1378,9,0,151.4959397505388,151.43256208918845,151.35897792340975,150.50475237148203
2024-12-10 11:00:00,1733828400,151.585,151.722,151.572,151.663,1370,9,0,151.53306425041907,151.46548179073298,151.38661629400886,150.5162772235071
2024-12-10 11:30:00,1733830200,151.662,151.732,151.642,151.7,1360,9,0,151.5701610836593,151.49898439205685,151.41510572182622,150.5280555595916
2024-12-10 12:00:00,1733832000,151.7,151.771,151.604,151.627,1382,9,0,151.5827919539572,151.51727233604873,151.43436883802383,150.53899033014295
2024-12-10 12:30:00,1733833800,151.627,151.797,151.547,151.779,1465,9,0,151.62639374196672,151.55466200232752,151.46569894365803,150.55132873481816
2024-12-10 13:00:00,1733835600,151.781,151.837,151.617,151.636,1748,9,0,151.6285284659741,151.5662817162807,151.48118085787092,150.56212148372543
2024-12-10 13:30:00,1733837400,151.636,151.714,151.526,151.68,2454,9,0,151.63996658464652,151.58252718538347,151.4992553253372,150.5732446530416
2024-12-10 14:00:00,1733839200,151.677,151.792,151.582,151.756,1895,9,0,151.6657517880584,151.60730901604296,151.52259575030652,150.5850133629616
2024-12-10 14:30:00,1733841000,151.755,151.826,151.627,151.826,2900,9,0,151.7013625018232,151.6385505851797,151.55017795482408,150.59736148870329
2024-12-10 15:00:00,1733842800,151.827,152.038,151.747,151.977,2798,9,0,151.7626152791958,151.6869005015826,151.588979958931,150.61108923508436
2024-12-10 15:30:00,1733844600,151.98,152.171,151.934,152.121,2690,9,0,151.8422563282634,151.74891471564223,151.63734541720999,150.62611322279497
2024-12-10 16:00:00,1733846400,152.119,152.18,151.974,152.057,2142,9,0,151.88997714420486,151.7929268991219,151.67549583382726,150.64035090217016
2024-12-10 16:30:00,1733848200,152.057,152.133,152.012,152.048,1662,9,0,151.92509333438156,151.82936591353308,151.70935984893387,150.65435736085504
2024-12-10 17:00:00,1733850000,152.048,152.094,151.987,152.079,1249,9,0,151.9592948156301,151.8650279258855,151.7429634990308,150.66853290950326
2024-12-10 17:30:00,1733851800,152.081,152.147,152.05,152.109,1238,9,0,151.99256263437897,151.89988107933044,151.77623954457346,150.68286591537884
2024-12-10 18:00:00,1733853600,152.107,152.12,151.986,152.011,1505,9,0,151.9966598267392,151.91575521085468,151.79758140415768,150.69608117990245
2024-12-10 18:30:00,1733855400,152.011,152.012,151.875,151.919,1242,9,0,151.97940208746382,151.91621875216117,151.80861945832515,150.70824952637108
2024-12-10 19:00:00,1733857200,151.919,151.946,151.839,151.932,1210,9,0,151.96886829024965,151.91847321613815,151.8198358712047,150.72042614799923
2024-12-10 19:30:00,1733859000,151.933,151.951,151.892,151.929,840,9,0,151.96000867019416,151.91997704240413,151.82975988291335,150.7324517584669
2024-12-10 20:00:00,1733860800,151.929,151.949,151.888,151.888,1034,9,0,151.94400674348435,151.91540889348926,151.8350544390121,150.74394975091997
2024-12-10 20:30:00,1733862600,151.888,151.933,151.827,151.926,1010,9,0,151.94000524493225,151.9169219087051,151.84332221728374,150.7557114449407
2024-12-10 21:00:00,1733864400,151.902,151.97,151.89,151.93,510,9,0,151.9377818571695,151.9187902074615,151.8512020157125,150.7673959081751
2024-12-10 21:30:00,1733866200,151.926,151.972,151.899,151.964,741,9,0,151.94360811113182,151.92524874925275,151.86145637792043,150.77930241655147
2024-12-10 22:00:00,1733868000,151.938,151.938,151.8,151.929,126,38,0,151.94036186421363,151.92578464221663,151.8675967072004,150.79074219350122
2024-12-10 22:30:00,1733869800,151.915,151.94,151.85,151.929,230,38,0,151.9378370054995,151.92624397904285,151.87317882472763,150.80206814182458
2024-12-10 23:00:00,1733871600,151.94,151.948,151.79,151.84,568,9,0,151.91609544872182,151.91392341060816,151.87016256793422,150.81239582200544
2024-12-10 23:30:00,1733873400,151.84,151.866,151.77,151.832,865,9,0,151.8974075712281,151.90222006623557,151.86669324357655,150.82254113720938
2024-12-11 00:00:00,1733875200,151.84,151.869,151.748,151.848,1604,9,0,151.8864281109552,151.89447434248763,151.86499385779686,150.83274470798344
2024-12-11 00:30:00,1733877000,151.847,151.854,151.704,151.728,2072,9,0,151.85122186407628,151.87069229356084,151.85253987072443,150.84165272083933
2024-12-11 01:00:00,1733878800,151.726,151.826,151.706,151.736,1952,9,0,151.82561700539264,151.85145053733788,151.8419453370222,150.85055169874144
2024-12-11 01:30:00,1733880600,151.733,151.796,151.692,151.702,1399,9,0,151.79814655974982,151.83010046057532,151.82922303365655,150.85902382114205
2024-12-11 02:00:00,1733882400,151.702,151.719,151.528,151.566,1452,9,0,151.74655843536098,151.7923718233503,151.8052936669605,150.8660584099864
2024-12-11 02:30:00,1733884200,151.567,151.622,151.437,151.441,1921,9,0,151.67865656083632,151.742175848586,151.77217606087316,150.87177922182735
2024-12-11 03:00:00,1733886000,151.441,151.568,151.412,151.527,1247,9,0,151.6449551028727,151.71143644164516,151.7498873280665,150.87829883156041
2024-12-11 03:30:00,1733887800,151.526,151.638,151.526,151.543,1094,9,0,151.62229841334545,151.68737409283872,151.73107938915135,150.88491277353495
2024-12-11 04:00:00,1733889600,151.543,151.551,151.457,151.535,1057,9,0,151.60289876593535,151.66560636529033,151.7132539901376,150.89138130315152
2024-12-11 04:30:00,1733891400,151.537,151.612,151.494,151.54,990,9,0,151.58892126239417,151.6476625988203,151.6975036273978,150.8978352205331
2024-12-11 05:00:00,1733893200,151.541,151.652,151.529,151.638,951,9,0,151.5998276485288,151.64628222756025,151.69209420672527,150.90520004420938
2024-12-11 05:30:00,1733895000,151.638,151.762,151.629,151.748,1118,9,0,151.6327548377446,151.6608133379088,151.69717655156842,150.91358611342125
2024-12-11 06:00:00,1733896800,151.747,151.76,151.619,151.68,1268,9,0,151.64325376269025,151.66355428963612,151.69561504688036,150.92121212224293
2024-12-11 06:30:00,1733898600,151.678,151.788,151.634,151.758,1151,9,0,151.66875292653685,151.67704653397382,151.70128640625487,150.92953836978282
2024-12-11 07:00:00,1733900400,151.761,151.791,151.451,151.488,3409,9,0,151.62858560952867,151.65003988626327,151.68189673295896,150.9350952019243
2024-12-11 07:30:00,1733902200,151.486,151.688,151.417,151.673,2525,9,0,151.63845547407786,151.65331990251138,151.6810879390536,150.94243753822357
2024-12-11 08:00:00,1733904000,151.649,151.713,151.585,151.658,1987,9,0,151.64279870206056,151.6539884878669,151.6789890355033,150.94955756271887
2024-12-11 08:30:00,1733905800,151.657,151.679,151.463,151.62,2106,9,0,151.63773232382488,151.64913298960022,151.67362639591207,150.95622863174654
2024-12-11 09:00:00,1733907600,151.622,152.441,150.998,152.396,13112,9,0,151.8062362518638,151.75582827680017,151.7392967235564,150.97055471501275
2024-12-11 09:30:00,1733909400,152.398,152.722,152.342,152.676,5633,9,0,151.99951708478295,151.88728138011444,151.82445156686947,150.9875243198385
2024-12-11 10:00:00,1733911200,152.676,152.795,152.509,152.577,3318,9,0,152.12784662149784,151.98581261152665,151.8928650607904,151.0033399982481
2024-12-11 10:30:00,1733913000,152.577,152.654,152.485,152.592,2218,9,0,152.23099181672055,152.07241080988,151.95642278253675,151.01914756045457
2024-12-11 11:00:00,1733914800,152.59,152.707,152.572,152.616,2164,9,0,152.31654919078264,152.1500664084686,152.0163843477607,151.03503663945503
2024-12-11 11:30:00,1733916600,152.617,152.64,152.51,152.549,1858,9,0,152.36820492616428,152.20705692154453,152.06480395250972,151.05010095150027
2024-12-11 12:00:00,1733918400,152.547,152.663,152.522,152.647,2233,9,0,152.43015938701666,152.26990593275247,152.11773086591793,151.0659904942714
2024-12-11 12:30:00,1733920200,152.648,152.703,152.609,152.648,1784,9,0,152.47856841212405,152.3239193709307,152.16593715083448,151.0817318823881
2024-12-11 13:00:00,1733922000,152.647,152.674,152.558,152.59,2290,9,0,152.5033309872076,152.36193088936918,152.20448831894043,151.09673952534942
2024-12-11 13:30:00,1733923800,152.59,152.858,152.048,152.293,8082,9,0,152.45659076782812,152.3520836194593,152.2125348354004,151.10864261464943
2024-12-11 14:00:00,1733925600,152.292,152.327,152.071,152.086,4572,9,0,152.37423726386632,152.31407167382227,152.2010316685458,151.1183675637574
2024-12-11 14:30:00,1733927400,152.084,152.205,151.911,152.131,4056,9,0,152.3201845385627,152.28791857756195,152.19466515322344,151.12844350839666
2024-12-11 15:00:00,1733929200,152.13,152.468,152.076,152.454,3839,9,0,152.34992130777098,152.31164449505312,152.21824104838495,151.14163312522854
2024-12-11 15:30:00,1733931000,152.456,152.518,152.379,152.453,3930,9,0,152.37282768382187,152.33183813861697,152.23958277125905,151.1546815518432
2024-12-11 16:00:00,1733932800,152.452,152.556,152.393,152.479,2699,9,0,152.39642153186145,152.3528612616717,152.26134797387186,151.16785884983483
2024-12-11 16:30:00,1733934600,152.481,152.532,152.238,152.336,1962,9,0,152.3829945247811,152.35045251000435,152.26813452170168,151.17948214486137
2024-12-11 17:00:00,1733936400,152.336,152.526,152.31,152.511,1527,9,0,152.41144018594085,152.373387865718,152.29021320154698,151.19273107874335
2024-12-11 17:30:00,1733938200,152.511,152.541,152.432,152.491,1595,9,0,152.42912014462067,152.39018959918687,152.30846654686087,151.20564917746233
2024-12-11 18:00:00,1733940000,152.491,152.493,152.315,152.434,2690,9,0,152.43020455692718,152.39644822787446,152.31987867896444,151.2178715737065
2024-12-11 18:30:00,1733941800,152.436,152.688,152.409,152.672,1806,9,0,152.48393687761003,152.43581276674956,152.35188970814949,151.2323405132716
2024-12-11 19:00:00,1733943600,152.672,152.715,152.583,152.592,1713,9,0,152.5079509048078,152.4581252286425,152.37371791649954,151.2458694633883
2024-12-11 19:30:00,1733945400,152.592,152.655,152.531,152.64,1557,9,0,152.53729514818386,152.48410733883645,152.39792537863593,151.25974140902622
2024-12-11 20:00:00,1733947200,152.638,152.645,152.521,152.563,1115,9,0,152.54300733747633,152.49537771900268,152.4129321623963,151.27270915620008
2024-12-11 20:30:00,1733949000,152.563,152.62,152.547,152.59,876,9,0,152.55345015137047,152.50889518771658,152.42902923854209,151.28581652778018
2024-12-11 21:00:00,1733950800,152.583,152.592,152.49,152.505,481,9,0,152.54268345106593,152.5083387323285,152.4359356714019,151.29794770660826
2024-12-11 21:30:00,1733952600,152.509,152.535,152.261,152.27,514,9,0,152.48208712860685,152.47429034199587,152.42085061036536,151.30761986873156
2024-12-11 22:00:00,1733954400,152.265,152.397,152.159,152.373,202,68,0,152.45784554447198,152.4598202931393,152.41650055487762,151.31822066605764
2024-12-11 22:30:00,1733956200,152.315,152.412,152.308,152.41,432,38,0,152.44721320125598,152.4527031084051,152.41590959534327,151.32908414201725
2024-12-11 23:00:00,1733958000,152.419,152.444,152.32,152.337,697,9,0,152.42272137875466,152.43617409291866,152.40873599576662,151.3391131555295
2024-12-11 23:30:00,1733959800,152.337,152.367,152.231,152.257,851,9,0,152.38589440569808,152.4105777939303,152.3949418143333,151.34824635796204
2024-12-12 00:00:00,1733961600,152.257,152.294,152.096,152.206,2021,9,0,152.3459178710985,152.38135239479737,152.37776528575753,151.3567812200719
2024-12-12 00:30:00,1733963400,152.208,152.335,152.163,152.183,2561,9,0,152.30971389974326,152.35301633839777,152.36005935068866,151.36500230245926
2024-12-12 01:00:00,1733965200,152.186,152.195,151.978,152.062,2150,9,0,152.25466636646698,152.31144257576952,152.3329630460806,151.3719376029323
2024-12-12 01:30:00,1733967000,152.063,152.129,151.947,151.976,2176,9,0,152.1927405072521,152.26352220780245,152.30051186007327,151.3779481740474
2024-12-12 02:00:00,1733968800,151.975,152.2,151.949,152.156,1627,9,0,152.18457595008496,152.24816189240212,152.28737441824842,151.38568998326085
2024-12-12 02:30:00,1733970600,152.156,152.317,152.142,152.317,1534,9,0,152.21400351673276,152.25799590777325,152.2900676529531,151.39495674959656
2024-12-12 03:00:00,1733972400,152.314,152.325,152.208,152.282,1286,9,0,152.2291138463477,152.26142506380566,152.28933422995738,151.40378305059562
2024-12-12 03:30:00,1733974200,152.283,152.409,152.23,152.351,1382,9,0,152.25619965827042,152.274221483262,152.29494020905216,151.4132080948683
2024-12-12 04:00:00,1733976000,152.351,152.388,152.261,152.276,1247,9,0,152.26059973421033,152.27447555708173,152.2932183718656,151.42179308894924
2024-12-12 04:30:00,1733977800,152.275,152.299,152.179,152.19,1037,9,0,152.24491090438582,152.2624076203558,152.2838348835142,151.42943693881045
2024-12-12 05:00:00,1733979600,152.188,152.299,152.178,152.237,1203,9,0,152.2431529256334,152.25877796030497,152.27957716683107,151.43747239215563
2024-12-12 05:30:00,1733981400,152.237,152.606,152.233,152.491,3300,9,0,152.29823005327043,152.29195253740428,152.29879742439186,151.44795525392522
2024-12-12 06:00:00,1733983200,152.492,152.771,152.492,152.708,2054,9,0,152.38929004143256,152.3513878892037,152.33599765853808,151.46049301259265
2024-12-12 06:30:00,1733985000,152.706,152.706,152.452,152.479,2310,9,0,152.4092255877809,152.36961819074602,152.34899787139824,151.4706274104773
2024-12-12 07:00:00,1733986800,152.477,152.531,152.268,152.387,2552,9,0,152.40428656827402,152.37210130635373,152.35245261036204,151.47974554569643
2024-12-12 07:30:00,1733988600,152.387,152.583,152.36,152.567,2143,9,0,152.44044510865757,152.39994397687462,152.37195691851093,151.49056399797806
2024-12-12 08:00:00,1733990400,152.57,152.656,152.457,152.547,2232,9,0,152.46412397340032,152.42095198017824,152.387869925919,151.5010757989932
2024-12-12 08:30:00,1733992200,152.544,152.602,152.361,152.495,3066,9,0,152.4709853126447,152.4315302687242,152.39760902356275,151.51096559203808
2024-12-12 09:00:00,1733994000,152.496,152.609,152.457,152.591,2224,9,0,152.4976552431681,152.45431165890648,152.4151900214207,151.52171220306258
2024-12-12 09:30:00,1733995800,152.594,152.627,152.443,152.52,2159,9,0,152.5026207446863,152.46369570763414,152.42471820129154,151.53164541497242
2024-12-12 10:00:00,1733997600,152.522,152.538,152.399,152.448,1656,9,0,152.4904828014227,152.4614534636864,152.42683472844686,151.54076337104235
2024-12-12 10:30:00,1733999400,152.448,152.449,152.198,152.314,1810,9,0,152.45126440110656,152.44038868315977,152.41657702586076,151.5484572678479
2024-12-12 11:00:00,1734001200,152.312,152.34,152.213,152.239,1961,9,0,152.40409453419397,152.4116188712798,152.4004336598734,151.55532833980962
2024-12-12 11:30:00,1734003000,152.238,152.285,152.158,152.184,1571,9,0,152.35518463770643,152.37910188966842,152.38075787261218,151.5615837792145
2024-12-12 12:00:00,1734004800,152.184,152.358,152.172,152.277,1688,9,0,152.33781027377165,152.36451590543007,152.37132533873836,151.56870234857553
2024-12-12 12:30:00,1734006600,152.278,152.283,152.115,152.269,1933,9,0,152.3225191018224,152.35087077608293,152.36202303521668,151.5756704844106
2024-12-12 13:00:00,1734008400,152.27,152.308,152.097,152.285,3155,9,0,152.31418152363963,152.34146066521393,152.35502094110606,151.58272848954084
2024-12-12 13:30:00,1734010200,152.288,152.374,151.796,152.032,6781,9,0,152.25147451838637,152.2972519987548,152.32565540100552,151.587198852829
2024-12-12 14:00:00,1734012000,152.03,152.281,151.871,152.257,4989,9,0,152.2527024031894,152.29150171321842,152.31941400091412,151.59386354086055
2024-12-12 14:30:00,1734013800,152.26,152.397,152.163,152.241,4453,9,0,152.25010186914733,152.28428718275865,152.31228545537647,151.6003027096082
2024-12-12 15:00:00,1734015600,152.238,152.323,152.106,152.297,3981,9,0,152.26052367600346,152.2861032995074,152.31089586852406,151.6072350209554
2024-12-12 15:30:00,1734017400,152.3,152.376,152.156,152.285,3069,9,0,152.2659628591138,152.28594568529206,152.30854169865822,151.61397895109513
2024-12-12 16:00:00,1734019200,152.283,152.312,152.144,152.22,2175,9,0,152.25574889042184,152.2765248731075,152.30049245332566,151.62000901128323
2024-12-12 16:30:00,1734021000,152.218,152.259,152.04,152.074,1931,9,0,152.21536024810587,152.24759274837785,152.27990223029607,151.62452633455408
2024-12-12 17:00:00,1734022800,152.072,152.269,152.035,152.238,1916,9,0,152.22039130408234,152.24622235575245,152.27609293663278,151.63063055013063
2024-12-12 17:30:00,1734024600,152.237,152.296,152.21,152.261,1623,9,0,152.22941545873073,152.24833344778781,152.27472085148435,151.63690288296516
2024-12-12 18:00:00,1734026400,152.259,152.47,152.235,152.43,2049,9,0,152.27398980123502,152.27428581238956,152.28883713771302,151.6447943965675
2024-12-12 18:30:00,1734028200,152.429,152.52,152.376,152.479,1679,9,0,152.31954762318279,152.30353069633392,152.3061246706482,151.6530949498355
2024-12-12 19:00:00,1734030000,152.479,152.516,152.43,152.501,1574,9,0,152.3598703735866,152.33174059685766,152.32384060968016,151.6615318160063
2024-12-12 19:30:00,1734031800,152.501,152.544,152.483,152.536,1039,9,0,152.39901029056736,152.36092051159227,152.34312782698197,151.67023299196643
2024-12-12 20:00:00,1734033600,152.535,152.593,152.519,152.591,983,9,0,152.44167467044127,152.39378900993623,152.3656616608927,151.6793948527429
2024-12-12 20:30:00,1734035400,152.587,152.672,152.585,152.658,1035,9,0,152.48974696589875,152.4315334370882,152.3922378735388,151.68913221739223
2024-12-12 21:00:00,1734037200,152.658,152.667,152.593,152.601,510,9,0,152.51446986236567,152.4557429460756,152.41121624867162,151.69820552866196
2024-12-12 21:30:00,1734039000,152.602,152.685,152.602,152.61,570,9,0,152.53569878183998,152.4777796680648,152.42928749879238,151.70727811046632
2024-12-12 22:00:00,1734040800,152.572,152.613,152.41,152.571,215,38,0,152.54354349698664,152.49109685834125,152.44217045344763,151.71587235812336
2024-12-12 22:30:00,1734042600,152.569,152.575,152.502,152.547,393,38,0,152.54431160876737,152.49908302143535,152.4517004122251,151.72414228490823
2024-12-12 23:00:00,1734044400,152.58,152.636,152.52,152.568,768,9,0,152.54957569570797,152.50892830408745,152.4622731020228,151.73253887908825
2024-12-12 23:30:00,1734046200,152.568,152.617,152.447,152.585,944,9,0,152.5574477633284,152.51979568921783,152.473430092748,151.74102107929633
2024-12-13 00:00:00,1734048000,152.588,152.92,152.55,152.864,2939,9,0,152.62557048258878,152.5689677336153,152.50893644795272,151.75219499890534
2024-12-13 00:30:00,1734049800,152.865,152.95,152.818,152.822,2297,9,0,152.66922148645793,152.6051152002417,152.5373967708661,151.76283982478688
2024-12-13 01:00:00,1734051600,152.82,152.856,152.747,152.852,1959,9,0,152.70983893391173,152.64038445735002,152.56599706442373,151.77367723946563
2024-12-13 01:30:00,1734053400,152.852,152.952,152.694,152.764,2024,9,0,152.7218747263758,152.65804382058573,152.5839973312943,151.7835311972819
2024-12-13 02:00:00,1734055200,152.765,152.901,152.641,152.876,1702,9,0,152.75612478718116,152.68918041764493,152.61054302844937,151.79440153362734
2024-12-13 02:30:00,1734057000,152.878,152.914,152.79,152.9,1360,9,0,152.78809705669647,152.71929750083854,152.63685729859034,151.80540251339224
2024-12-13 03:00:00,1734058800,152.902,153.047,152.902,153.004,1542,9,0,152.8360754885417,152.75996928643303,152.67023390780938,151.8173288565426
2024-12-13 03:30:00,1734060600,153.002,153.028,152.873,152.899,1259,9,0,152.8500587133102,152.77983081694262,152.69103082528125,151.8280917534924
2024-12-13 04:00:00,1734062400,152.899,153.077,152.885,153.051,1269,9,0,152.8947123325746,152.8185692716651,152.72375529571022,151.8402599947512
2024-12-13 04:30:00,1734064200,153.05,153.083,152.934,152.951,902,9,0,152.90722070311358,152.8374879471415,152.74441390519112,151.8513121341069
2024-12-13 05:00:00,1734066000,152.951,153.029,152.943,152.977,872,9,0,152.9227272135328,152.85741824040701,152.7655580956283,151.8625130083944
2024-12-13 05:30:00,1734067800,152.976,152.988,152.877,152.892,1027,9,0,152.91589894385885,152.86235849177746,152.77705281420754,151.87275666005218
2024-12-13 06:00:00,1734069600,152.892,152.995,152.842,152.874,1243,9,0,152.90658806744577,152.8640215643807,152.78586619473413,151.8827192803502
2024-12-13 06:30:00,1734071400,152.872,152.88,152.671,152.707,1401,9,0,152.86223516356893,152.84158991232633,152.7786965406674,151.89092107855566
2024-12-13 07:00:00,1734073200,152.71,152.889,152.71,152.847,1746,9,0,152.85884957166473,152.84236278199398,152.78490594606126,151.90043430165463
2024-12-13 07:30:00,1734075000,152.85,152.892,152.722,152.795,2012,9,0,152.84466077796145,152.83559667028055,152.7858235873284,151.90933545288195
2024-12-13 08:00:00,1734076800,152.792,153.025,152.792,152.994,2053,9,0,152.87784727174778,152.85822571738333,152.80474871575308,151.92012813494284
2024-12-13 08:30:00,1734078600,152.994,153.183,152.992,153.158,1878,9,0,152.9401034335816,152.9010506149,152.83686246886643,151.93244526792847
2024-12-13 09:00:00,1734080400,153.161,153.26,153.116,153.22,1620,9,0,153.00230267056347,152.94661481277143,152.87169315351494,151.94525675779985
2024-12-13 09:30:00,1734082200,153.22,153.475,153.215,153.409,1649,9,0,153.0926798548827,153.01266983951837,152.9205392304681,151.95982136717498
2024-12-13 10:00:00,1734084000,153.408,153.482,153.365,153.436,1504,9,0,153.16897322046432,153.07314557673004,152.96739930042554,151.97450971178023
2024-12-13 10:30:00,1734085800,153.436,153.497,153.39,153.463,1272,9,0,153.2343125048056,153.1288390657686,153.01245390947776,151.98932056041923
2024-12-13 11:00:00,1734087600,153.465,153.597,153.439,153.548,1274,9,0,153.30402083707102,153.18871919923023,153.06113991770704,152.00482980857424
2024-12-13 11:30:00,1734089400,153.549,153.622,153.513,153.622,1263,9,0,153.37468287327746,153.25061645648307,153.1121271979155,152.02092105426007
2024-12-13 12:00:00,1734091200,153.622,153.665,153.435,153.441,1733,9,0,153.38942001254912,153.27781410555693,153.14202472537772,152.03505119302366
2024-12-13 12:30:00,1734093000,153.444,153.498,153.318,153.45,1897,9,0,153.40288223198263,153.3024120904774,153.1700224776161,152.04913028563038
2024-12-13 13:00:00,1734094800,153.453,153.529,153.386,153.412,1971,9,0,153.40490840265318,153.31806750612347,153.19202043419645,152.0626911783107
2024-12-13 13:30:00,1734096600,153.407,153.429,153.258,153.299,2110,9,0,153.38137320206357,153.31534357667726,153.20174584926949,152.07499275862602
2024-12-13 14:00:00,1734098400,153.3,153.407,153.299,153.403,1700,9,0,153.38617915716054,153.32786592286624,153.22004168115407,152.08820676102775
2024-12-13 14:30:00,1734100200,153.402,153.626,153.373,153.591,2115,9,0,153.43169490001375,153.36545650531392,153.25376516468552,152.1031599275847
2024-12-13 15:00:00,1734102000,153.593,153.646,153.478,153.581,2145,9,0,153.4648738111218,153.39624843312623,153.28351378607775,152.11786480392715
2024-12-13 15:30:00,1734103800,153.58,153.687,153.454,153.659,2205,9,0,153.50801296420585,153.43378437125108,153.3176488964343,152.13319948249506
2024-12-13 16:00:00,1734105600,153.659,153.68,153.555,153.661,1472,9,0,153.5420100832712,153.46624374678663,153.34886263312208,152.1484014776941
2024-12-13 16:30:00,1734107400,153.662,153.774,153.658,153.751,1359,9,0,153.58845228698874,153.5069232115314,153.38542057556552,152.1643477316474
2024-12-13 17:00:00,1734109200,153.749,153.797,153.711,153.777,1146,9,0,153.630351778769,153.54550560988406,153.42101870505957,152.1803940228748
2024-12-13 17:30:00,1734111000,153.778,153.799,153.682,153.687,1146,9,0,153.6429402723759,153.56571909418633,153.44519882278144,152.1953851271248
2024-12-13 18:00:00,1734112800,153.688,153.739,153.658,153.718,1249,9,0,153.65962021184794,153.58747350930258,153.4699989298013,152.21053552386985
2024-12-13 18:30:00,1734114600,153.718,153.739,153.667,153.697,837,9,0,153.66792683143728,153.60312015083082,153.49063539072847,152.22532621517462
2024-12-13 19:00:00,1734116400,153.696,153.742,153.68,153.722,821,9,0,153.67994309111788,153.62010298642642,153.51166853702588,152.24021849164058
2024-12-13 19:30:00,1734118200,153.724,153.743,153.681,153.685,873,9,0,153.68106684864722,153.6293739883655,153.5274259427508,152.25459442704715
2024-12-13 20:00:00,1734120000,153.682,153.725,153.674,153.692,704,9,0,153.6834964378367,153.63832056145614,153.54238722068254,152.2688969700616
2024-12-13 20:30:00,1734121800,153.691,153.692,153.644,153.653,517,9,0,153.67671945165077,153.64041762410528,153.5524429278932,152.28266913951373
2024-12-13 21:00:00,1734123600,153.652,153.659,153.604,153.617,473,9,0,153.66344846239502,153.6370722492331,153.55831175263015,152.2959460634987
2024-12-13 21:30:00,1734125400,153.617,153.683,153.59,153.633,505,9,0,153.65668213741836,153.63649049934267,153.5651015933001,152.30925008276736
2024-12-15 22:00:00,1734300000,153.621,153.677,153.516,153.645,227,38,0,153.65408610688092,153.63770614229372,153.57236508481827,152.32254112671993
2024-12-15 22:30:00,1734301800,153.648,153.663,153.391,153.596,597,38,0,153.6411780831296,153.63174812196604,153.57451371347116,152.3352123592899
2024-12-15 23:00:00,1734303600,153.623,153.64,153.456,153.568,977,9,0,153.6249162868786,153.62264124739946,153.57392155770106,152.34747890297857
2024-12-15 23:30:00,1734305400,153.572,153.6,153.424,153.45,952,9,0,153.58604600090558,153.5979782120567,153.5626559615464,152.3584492621529
2024-12-16 00:00:00,1734307200,153.451,153.613,153.323,153.583,1979,9,0,153.58536911181545,153.59583846747717,153.56450541958762,152.3706338466091
2024-12-16 00:30:00,1734309000,153.583,153.897,153.583,153.808,2202,9,0,153.63484264252313,153.62614725783757,153.5866412905342,152.3849359973891
2024-12-16 01:00:00,1734310800,153.806,153.899,153.703,153.72,1829,9,0,153.6537664997402,153.63955479243222,153.59876480957655,152.39822021632057
2024-12-16 01:30:00,1734312600,153.719,153.929,153.713,153.905,1604,9,0,153.7095961664646,153.67747553637048,153.6266043723423,152.41321304998903
2024-12-16 02:00:00,1734314400,153.903,153.969,153.849,153.951,1322,9,0,153.7632414628058,153.71655045974612,153.65609488394756,152.4285144126757
2024-12-16 02:30:00,1734316200,153.951,153.955,153.841,153.872,1224,9,0,153.78741002662673,153.73875753692525,153.6757226217705,152.4428774533456
2024-12-16 03:00:00,1734318000,153.871,153.881,153.75,153.835,1206,9,0,153.79798557626523,153.75250646022164,153.69020238342773,152.45672941898397
2024-12-16 03:30:00,1734319800,153.836,153.869,153.763,153.815,994,9,0,153.8017665593174,153.76143410876142,153.70154762129792,152.47024454914336
2024-12-16 04:00:00,1734321600,153.815,153.889,153.757,153.878,875,9,0,153.81870732391354,153.77808637893835,153.71758874663448,152.4842520660673
2024-12-16 04:30:00,1734323400,153.878,153.881,153.726,153.741,862,9,0,153.80143902971054,153.7727883248043,153.71971704239496,152.49675702063382
2024-12-16 05:00:00,1734325200,153.741,153.77,153.664,153.691,993,9,0,153.77689702310818,153.7611042784037,153.71710640217722,152.5086400353539
2024-12-16 05:30:00,1734327000,153.692,153.703,153.602,153.658,1155,9,0,153.75047546241746,153.74637509577462,153.71173309288838,152.52007645291258
2024-12-16 06:00:00,1734328800,153.658,153.748,153.543,153.74,1431,9,0,153.74814758188023,153.74546436780682,153.7143028117167,152.53221499566968
2024-12-16 06:30:00,1734330600,153.743,153.768,153.628,153.648,1016,9,0,153.72589256368462,153.73154088669156,153.70827528337878,152.54331733402122
2024-12-16 07:00:00,1734332400,153.651,153.685,153.566,153.626,1348,9,0,153.70369421619915,153.71646361716418,153.70079571216255,152.55409029587176
2024-12-16 07:30:00,1734334200,153.627,153.627,153.475,153.524,2045,9,0,153.6637621681549,153.68896881471215,153.68472337469322,152.56374113869893
2024-12-16 08:00:00,1734336000,153.522,153.622,153.438,153.522,2256,9,0,153.63225946412047,153.66511612689615,153.6699303406302,152.57327605274173
2024-12-16 08:30:00,1734337800,153.525,153.721,153.509,153.69,1861,9,0,153.6450906943159,153.668670965911,153.67175485511837,152.584387733809
2024-12-16 09:00:00,1734339600,153.694,153.755,153.638,153.687,1717,9,0,153.6544038733568,153.67128939935228,153.67314077738033,152.59535900013927
2024-12-16 09:30:00,1734341400,153.687,153.828,153.649,153.798,1217,9,0,153.68631412372196,153.68939091373053,153.68449161580028,152.6073255772523
2024-12-16 10:00:00,1734343200,153.799,153.843,153.645,153.688,1175,9,0,153.68668876289485,153.68919221176904,153.68481055981843,152.61807855658316
2024-12-16 10:30:00,1734345000,153.688,153.832,153.687,153.826,1107,9,0,153.71764681558489,153.70873618151631,153.69764596347127,152.63009767542312
2024-12-16 11:00:00,1734346800,153.828,153.857,153.743,153.794,938,9,0,153.73461418989936,153.720916727014,153.70640542133754,152.64167879308062
2024-12-16 11:30:00,1734348600,153.793,153.837,153.762,153.799,937,9,0,153.7489221476995,153.7320714802977,153.71482311030687,152.65319442698032
2024-12-16 12:00:00,1734350400,153.799,153.93,153.778,153.925,1167,9,0,153.78805055932182,153.75963269739805,153.73393010027897,152.6658492088014
2024-12-16 12:30:00,1734352200,153.924,154.094,153.924,154.079,1533,9,0,153.85270599058362,153.80525659776976,153.7653000911627,152.67991041070388
2024-12-16 13:00:00,1734354000,154.081,154.099,154.009,154.065,1395,9,0,153.8998824371206,153.84236279808837,153.7925455374206,152.69369239666705
2024-12-16 13:30:00,1734355800,154.066,154.084,153.966,154.022,1498,9,0,153.927019673316,153.8680252555043,153.81340503401873,152.706909387745
2024-12-16 14:00:00,1734357600,154.022,154.215,154.007,154.156,1538,9,0,153.9779041903569,153.90916450471798,153.84455003092611,152.72132819980723
2024-12-16 14:30:00,1734359400,154.154,154.358,154.112,154.3,2468,9,0,154.04948103694426,153.96499814690114,153.8859545735692,152.73703637692358
2024-12-16 15:00:00,1734361200,154.302,154.475,154.225,154.466,2407,9,0,154.1420408065122,154.03656984020097,153.938685975972,152.75423999506364
2024-12-16 15:30:00,1734363000,154.466,154.473,154.229,154.234,1964,9,0,154.16247618284282,154.0647741487437,153.96553270542907,152.76896397521227
2024-12-16 16:00:00,1734364800,154.236,154.309,154.148,154.284,1727,9,0,154.18948147554443,154.09609212749461,153.9944842776628,152.78403896053354
2024-12-16 16:30:00,1734366600,154.282,154.286,154.121,154.173,1341,9,0,154.18581892542346,154.10707896642396,154.01071297969344,152.79785946838894
2024-12-16 17:00:00,1734368400,154.17,154.198,154.05,154.185,1434,9,0,154.18563694199602,154.1182105426491,154.02655725426678,152.8116618617383
2024-12-16 17:30:00,1734370200,154.187,154.247,154.141,154.149,1253,9,0,154.17749539933024,154.12260903655638,154.0376884129698,152.82496870888517
2024-12-16 18:00:00,1734372000,154.148,154.201,154.09,154.163,1205,9,0,154.17427419947907,154.1283791741912,154.04908037542708,152.83828245307538
2024-12-16 18:30:00,1734373800,154.163,154.181,154.043,154.055,800,9,0,154.14776882181707,154.11789643502104,154.04961852311553,152.85038909533333
2024-12-16 19:00:00,1734375600,154.055,154.084,154.005,154.067,1029,9,0,154.1298201947466,154.11062551573232,154.05119865737774,152.8624946764743
2024-12-16 19:30:00,1734377400,154.068,154.132,154.067,154.125,802,9,0,154.12874904035846,154.11267901348486,154.05790787034337,152.87505691849944
2024-12-16 20:00:00,1734379200,154.123,154.13,154.085,154.101,587,9,0,154.12258258694547,154.11101058298703,154.06182533667578,152.88725535712135
2024-12-16 20:30:00,1734381000,154.101,154.16,154.092,154.148,647,9,0,154.1282309009576,154.11629478541747,154.06965939697798,152.89980007993609
2024-12-16 21:00:00,1734382800,154.149,154.212,154.122,154.193,503,9,0,154.14262403407812,154.127252673215,154.0808721790709,152.91266774083223
2024-12-16 21:30:00,1734384600,154.195,154.207,154.115,154.132,478,9,0,154.14026313761633,154.12793086275573,154.0855201627917,152.92480040012745
2024-12-16 22:00:00,1734386400,154.11,154.147,154.012,154.079,256,38,0,154.12664910703492,154.12094073950493,154.0849274207197,152.9362849732605
2024-12-16 22:30:00,1734388200,154.07,154.13,154.051,154.125,241,38,0,154.12628263880492,154.12152063386137,154.08857038247245,152.94811298347682
2024-12-16 23:00:00,1734390000,154.14,154.258,154.135,154.185,646,9,0,154.1393309412927,154.1305891147383,154.0973367113386,152.96042031697456
2024-12-16 23:30:00,1734391800,154.185,154.189,154.06,154.088,553,9,0,154.1279240654499,154.12450495548998,154.09648791939875,152.97164001531314
2024-12-17 00:00:00,1734393600,154.096,154.253,154.005,154.243,1865,9,0,154.1534964953499,154.1414328189914,154.1098071994534,152.9842903634195
2024-12-17 00:30:00,1734395400,154.24,154.34,154.131,154.146,2335,9,0,154.1518306074944,154.14208527342123,154.11309745404853,152.99584966328595
2024-12-17 01:00:00,1734397200,154.148,154.231,154.018,154.058,1811,9,0,154.1309793613845,154.1300730915039,154.1080885945896,153.00641832335276
2024-12-17 01:30:00,1734399000,154.056,154.15,153.969,154.092,1799,9,0,154.12231728107685,154.12463407843194,154.10662599508143,153.0172201310806
2024-12-17 02:00:00,1734400800,154.094,154.108,153.797,153.91,2170,9,0,154.07513566305977,154.09397206722738,154.08875090461947,153.02610351286089
2024-12-17 02:30:00,1734402600,153.911,154.009,153.871,153.999,1524,9,0,154.05821662682428,154.08040462905205,154.08059173147223,153.035784074922
2024-12-17 03:00:00,1734404400,154.001,154.036,153.916,153.917,1222,9,0,154.02683515419665,154.05706111061605,154.06571975588383,153.04455239258445
2024-12-17 03:30:00,1734406200,153.915,154.079,153.867,154.04,1195,9,0,154.02976067548627,154.05462380909947,154.063381596258,153.05445734390202
2024-12-17 04:00:00,1734408000,154.04,154.202,154.029,154.154,1168,9,0,154.0573694142671,154.06882040779954,154.07161963296184,153.06539806684827
2024-12-17 04:30:00,1734409800,154.154,154.155,153.996,154.059,1392,9,0,154.05773176665218,154.0674174923996,154.07047239360165,153.0752846532478
2024-12-17 05:00:00,1734411600,154.061,154.118,154.026,154.089,1227,9,0,154.0646802629517,154.0705007077711,154.07215672145603,153.08537137311598
2024-12-17 05:30:00,1734413400,154.089,154.257,154.051,154.13,1769,9,0,154.07919576007353,154.07900060666094,154.07741520132365,153.09576568781137
2024-12-17 06:00:00,1734415200,154.131,154.17,154.03,154.081,1562,9,0,154.0795967022794,154.0792862342808,154.0777410921124,153.1055690143008
2024-12-17 06:30:00,1734417000,154.083,154.165,154.028,154.138,1487,9,0,154.09257521288396,154.08767391509784,154.08321917464764,153.11584195943215
2024-12-17 07:00:00,1734418800,154.138,154.162,153.992,154.097,1612,9,0,154.09355849890974,154.08900621294103,154.0844719769524,153.12560472600495
2024-12-17 07:30:00,1734420600,154.1,154.118,153.919,154.064,1874,9,0,154.08698994359645,154.0854338968066,154.0826108881385,153.13494199241288
2024-12-17 08:00:00,1734422400,154.066,154.163,154.027,154.088,1755,9,0,154.08721440057502,154.08580048297708,154.08310080739864,153.1444251566675
2024-12-17 08:30:00,1734424200,154.088,154.1,153.806,153.861,2312,9,0,154.03694453378057,154.05368612826607,154.06290982490785,153.1515552546111
2024-12-17 09:00:00,1734426000,153.857,153.91,153.767,153.853,1926,9,0,153.99606797071823,154.02501668137091,154.0438271135526,153.15853480431647
2024-12-17 09:30:00,1734427800,153.85,153.859,153.705,153.787,1730,9,0,153.94960842166972,153.9910142983179,154.02047919413872,153.16478818934814
2024-12-17 10:00:00,1734429600,153.792,153.869,153.71,153.817,1499,9,0,153.9201398835209,153.96615511284392,154.00198108558064,153.17127785910588
2024-12-17 10:30:00,1734431400,153.817,153.883,153.745,153.838,1272,9,0,153.9018865760718,153.9478472395805,153.9870737141642,153.17791191025907
2024-12-17 11:00:00,1734433200,153.839,153.876,153.683,153.793,1650,9,0,153.87768955916695,153.92572620535475,153.9694306492402,153.184032189759
2024-12-17 11:30:00,1734435000,153.795,153.927,153.784,153.905,1254,9,0,153.88375854601875,153.92276531887552,153.9635733174911,153.19120599881612
2024-12-17 12:00:00,1734436800,153.908,153.936,153.825,153.836,1219,9,0,153.87314553579236,153.91037027332186,153.9519757431737,153.19762185952442
2024-12-17 12:30:00,1734438600,153.837,153.884,153.809,153.814,1069,9,0,153.86000208339408,153.89660309141874,153.93943249379427,153.20375497535005
2024-12-17 13:00:00,1734440400,153.814,153.969,153.788,153.892,1757,9,0,153.86711273152872,153.89594550693036,153.93512044890386,153.21060318455056
2024-12-17 13:30:00,1734442200,153.891,154.0,153.656,153.766,3409,9,0,153.84464323563344,153.87738186308317,153.91974586263987,153.2161295210227
2024-12-17 14:00:00,1734444000,153.768,153.768,153.552,153.597,2903,9,0,153.78961140549268,153.83732731121415,153.8904053296726,153.21991927703246
2024-12-17 14:30:00,1734445800,153.6,153.717,153.548,153.555,2749,9,0,153.7374755376054,153.79699483818356,153.859913936066,153.2232534135794
2024-12-17 15:00:00,1734447600,153.552,153.552,153.418,153.515,2473,9,0,153.68803652924865,153.7567098613002,153.82855812369635,153.22615636468808
2024-12-17 15:30:00,1734449400,153.514,153.572,153.442,153.508,2538,9,0,153.64802841163782,153.72117988111447,153.7994164760876,153.2289607789698
2024-12-17 16:00:00,1734451200,153.506,153.639,153.434,153.587,2033,9,0,153.63446654238498,153.70201132666955,153.78010588735233,153.23252335828352
2024-12-17 16:30:00,1734453000,153.587,153.622,153.395,153.415,1403,9,0,153.58569619963276,153.66100970857389,153.74691444304756,153.2343390462608
2024-12-17 17:00:00,1734454800,153.416,153.42,153.252,153.273,1992,9,0,153.5162081552699,153.60557975020618,153.7038313118614,153.23472373236766
2024-12-17 17:30:00,1734456600,153.273,153.342,153.239,153.27,1392,9,0,153.4614952318766,153.557639785891,153.6643921016922,153.23507474000579
2024-12-17 18:00:00,1734458400,153.269,153.389,153.257,153.296,1494,9,0,153.4247185136818,153.52026267362086,153.63090191062926,153.23568096149825
2024-12-17 18:30:00,1734460200,153.294,153.305,153.156,153.276,1420,9,0,153.39166995508583,153.48536800596077,153.59863810057206,153.23608214596095
2024-12-17 19:00:00,1734462000,153.274,153.327,153.224,153.291,1409,9,0,153.36929885395566,153.45760114796636,153.57067100052006,153.2366285922698
2024-12-17 19:30:00,1734463800,153.289,153.342,153.267,153.336,900,9,0,153.36189910863217,153.44022955539975,153.54933727320005,153.23761736249597
2024-12-17 20:00:00,1734465600,153.336,153.396,153.324,153.37,942,9,0,153.36369930671393,153.4301967617712,153.5330338847273,153.23893460267016
2024-12-17 20:30:00,1734467400,153.372,153.56,153.368,153.498,1206,9,0,153.39354390522192,153.43988293866104,153.52984898611572,153.24151236781773
2024-12-17 21:00:00,1734469200,153.496,153.577,153.491,153.518,563,9,0,153.4212008151726,153.45104251885232,153.52877180555976,153.24426348853598
2024-12-17 21:30:00,1734471000,153.518,153.535,153.441,153.483,576,9,0,153.43493396735647,153.455607873302,153.52461073232706,153.24663897621224
2024-12-17 22:00:00,1734472800,153.458,153.491,153.294,153.452,330,38,0,153.43872641905503,153.4550924628303,153.51800975666097,153.24868236948376
2024-12-17 22:30:00,1734474600,153.452,153.475,153.38,153.415,296,38,0,153.43345388148725,153.44936496814023,153.50864523332814,153.25033727127996
2024-12-17 23:00:00,1734476400,153.44,153.579,153.383,153.579,547,9,0,153.46579746337898,153.46788425840592,153.5150411212074,153.25360754718764
2024-12-17 23:30:00,1734478200,153.578,153.592,153.469,153.561,739,9,0,153.4869535826281,153.48118650720508,153.51921920109763,153.2566661785589
2024-12-18 00:00:00,1734480000,153.568,153.729,153.539,153.683,1675,9,0,153.5305194531552,153.5100170061758,153.5341083646342,153.26090830613546
2024-12-18 00:30:00,1734481800,153.682,153.762,153.627,153.686,2060,9,0,153.56507068578736,153.53515743386495,153.54791669512198,153.26513807423362
2024-12-18 01:00:00,1734483600,153.685,153.74,153.58,153.724,1427,9,0,153.60038831116793,153.56213494331283,153.5639242682927,153.26970386453976
2024-12-18 01:30:00,1734485400,153.724,153.783,153.576,153.589,1608,9,0,153.59785757535283,153.56597280855385,153.5662038802661,153.2728809405145
2024-12-18 02:00:00,1734487200,153.587,153.704,153.573,153.663,1085,9,0,153.61233366971888,153.57983383590332,153.5750035275146,153.27676272220094
2024-12-18 02:30:00,1734489000,153.663,153.746,153.577,153.684,1341,9,0,153.62825952089247,153.59471471648857,153.58491229774054,153.28081483441784
2024-12-18 03:00:00,1734490800,153.685,153.726,153.61,153.621,1046,9,0,153.62664629402747,153.5984697569902,153.58819299794595,153.28419976143854
2024-12-18 03:30:00,1734492600,153.621,153.651,153.562,153.614,999,9,0,153.6238360064658,153.60068836313445,153.59053908904176,153.2874813558521
2024-12-18 04:00:00,1734494400,153.616,153.652,153.483,153.557,1324,9,0,153.60898356058453,153.59444716840096,153.58749008094705,153.2901631334058
2024-12-18 04:30:00,1734496200,153.557,153.557,153.35,153.439,1301,9,0,153.57120943601018,153.57224043005795,153.57399098267913,153.29164409725252
2024-12-18 05:00:00,1734498000,153.441,153.462,153.383,153.46,1117,9,0,153.54649622800792,153.5562060829068,153.56362816607194,153.29331928036441
2024-12-18 05:30:00,1734499800,153.46,153.461,153.332,153.352,905,9,0,153.50327484400617,153.5270337853487,153.54438924188358,153.293903168122
2024-12-18 06:00:00,1734501600,153.352,153.493,153.343,153.4,1282,9,0,153.48032487867147,153.50888610172746,153.53126294716688,153.29495885799142
2024-12-18 06:30:00,1734503400,153.398,153.472,153.331,153.468,1374,9,0,153.47758601674448,153.50304523005212,153.5255117701517,153.29668066039946
2024-12-18 07:00:00,1734505200,153.469,153.498,153.345,153.404,1403,9,0,153.46123356857905,153.48889591147324,153.51446524559242,153.29774851452484
2024-12-18 07:30:00,1734507000,153.404,153.647,153.373,153.577,1718,9,0,153.48695944222814,153.5014822098342,153.52015022326583,153.30052713627086
2024-12-18 08:00:00,1734508800,153.579,153.619,153.515,153.555,1700,9,0,153.50207956617743,153.5091276084293,153.52331838478713,153.3030592045667
2024-12-18 08:30:00,1734510600,153.555,153.603,153.516,153.561,1351,9,0,153.51517299591578,153.51653795008227,153.52674398617012,153.30562577964562
2024-12-18 09:00:00,1734512400,153.562,153.737,153.531,153.7,1332,9,0,153.55624566349005,153.54274681435624,153.5424945328819,153.30954990124118
2024-12-18 09:30:00,1734514200,153.701,153.74,153.625,153.633,1217,9,0,153.57330218271449,153.55564012659107,153.5507223026199,153.31276831018408
2024-12-18 10:00:00,1734516000,153.634,153.695,153.616,153.676,931,9,0,153.59612391988904,153.57283439422093,153.56211118419992,153.3163825558539
2024-12-18 10:30:00,1734517800,153.675,153.688,153.546,153.575,1094,9,0,153.59142971546925,153.57314376647508,153.5632828947272,153.31895586375586
2024-12-18 11:00:00,1734519600,153.575,153.636,153.564,153.582,917,9,0,153.58933422314274,153.57440894269294,153.564984449752,153.32157321834535
2024-12-18 11:30:00,1734521400,153.58,153.694,153.563,153.658,854,9,0,153.60459328466658,153.58635052230824,153.57344040886542,153.32492074851106
2024-12-18 12:00:00,1734523200,153.658,153.727,153.641,153.643,938,9,0,153.61312811029623,153.59444330483564,153.57976400805947,153.3280857161876
2024-12-18 12:30:00,1734525000,153.643,153.829,153.631,153.821,1132,9,0,153.65932186356372,153.62680854700199,153.6016945527813,153.332990335927
2024-12-18 13:00:00,1734526800,153.821,153.944,153.821,153.901,1578,9,0,153.71302811610514,153.66597875457313,153.6289041388921,153.3386421733805
2024-12-18 13:30:00,1734528600,153.902,153.95,153.807,153.845,1963,9,0,153.7423552014151,153.69155321820554,153.64854921717463,153.343680559715
2024-12-18 14:00:00,1734530400,153.844,153.844,153.7,153.829,2053,9,0,153.76160960110064,153.7111884727476,153.66495383379512,153.34850960887206
2024-12-18 14:30:00,1734532200,153.832,153.898,153.716,153.777,2051,9,0,153.76502968974495,153.72059011949796,153.67513984890465,153.35277319485343
2024-12-18 15:00:00,1734534000,153.777,153.893,153.677,153.861,2033,9,0,153.78635642535718,153.7406486738554,153.69203622627694,153.35783017798923
2024-12-18 15:30:00,1734535800,153.862,154.053,153.793,154.017,2097,9,0,153.83761055305558,153.7801274347332,153.7215783875245,153.36438908169083
2024-12-18 16:00:00,1734537600,154.018,154.086,153.961,153.996,1855,9,0,153.8728082079321,153.81096637262849,153.74652580684045,153.37067376744517
2024-12-18 16:30:00,1734539400,153.994,154.084,153.983,154.0,1560,9,0,153.90107305061386,153.8379711765387,153.7695689153095,153.37693572000794
2024-12-18 17:00:00,1734541200,154.0,154.015,153.908,153.925,1236,9,0,153.90639015047745,153.85040386560462,153.78369901391773,153.38238909592826
2024-12-18 17:30:00,1734543000,153.925,153.928,153.737,153.822,1314,9,0,153.8876367837047,153.84634617051827,153.78718092174338,153.38676333377973
2024-12-18 18:00:00,1734544800,153.821,153.833,153.717,153.754,1150,9,0,153.8579397206592,153.83315386044424,153.78416447431215,153.39041742996102
2024-12-18 18:30:00,1734546600,153.754,153.813,153.729,153.761,1374,9,0,153.8363975605127,153.82284616609508,153.78205861301103,153.3941048187176
2024-12-18 19:00:00,1734548400,153.761,154.627,153.749,154.336,7044,9,0,153.94742032484322,153.89615385665294,153.83241692091912,153.40347691007366
2024-12-18 19:30:00,1734550200,154.34,154.659,154.324,154.642,5765,9,0,154.10177136376694,154.00270330570254,153.90601538265372,153.41580052290877
2024-12-18 20:00:00,1734552000,154.647,154.655,154.325,154.643,5956,9,0,154.22204439404095,154.09417426203078,153.97301398423065,153.42801146297933
2024-12-18 20:30:00,1734553800,154.648,154.769,154.549,154.687,3989,9,0,154.32536786203184,154.17886365316923,154.03792180384605,153.44053871210392
2024-12-18 21:00:00,1734555600,154.683,154.71,154.49,154.68,1533,9,0,154.40417500380255,154.25045455985935,154.09629254895094,153.45287166024218
2024-12-18 21:30:00,1734557400,154.683,154.813,154.615,154.65,1030,9,0,154.4588027807353,154.30753247987946,154.1466295899554,153.4647833850159
2024-12-18 22:00:00,1734559200,154.611,154.786,154.548,154.758,393,38,0,154.525291051683,154.37188498275384,154.2022087181413,153.47765121203068
2024-12-18 22:30:00,1734561000,154.721,154.791,154.678,154.737,369,38,0,154.57233748464233,154.42404427093186,154.25082610740117,153.49018204574182
2024-12-18 23:00:00,1734562800,154.748,154.766,154.513,154.637,1017,9,0,154.5867069324996,154.4544665179416,154.28593282491013,153.50159316966477
2024-12-18 23:30:00,1734564600,154.637,154.704,154.425,154.658,1601,9,0,154.60254983638856,154.48354272966424,154.31975711355466,153.51309970529
2024-12-19 00:00:00,1734566400,154.661,154.891,154.533,154.834,3176,9,0,154.65398320608,154.53360805399794,154.3665064668679,153.52624299180454
2024-12-19 00:30:00,1734568200,154.835,154.873,154.736,154.817,2948,9,0,154.69020916028444,154.57409261771252,154.40746042442535,153.53908634511993
2024-12-19 01:00:00,1734570000,154.818,154.857,154.687,154.788,2350,9,0,154.711940457999,154.6046508151822,154.4420549312958,153.551513346661
2024-12-19 01:30:00,1734571800,154.79,154.839,154.628,154.645,2495,9,0,154.69706480066588,154.6104149844419,154.46050448299616,153.56239381087335
2024-12-19 02:00:00,1734573600,154.641,154.641,154.46,154.472,2009,9,0,154.6470504005179,154.5906414152359,154.4615495299965,153.57144461872537
2024-12-19 02:30:00,1734575400,154.473,155.278,154.472,155.087,4773,9,0,154.74481697818058,154.66154978448793,154.51840866363318,153.58652477177287
2024-12-19 03:00:00,1734577200,155.089,155.436,154.956,155.209,3663,9,0,154.84796876080713,154.73975695813252,154.581189694212,153.60266880389455
2024-12-19 03:30:00,1734579000,155.207,155.327,155.174,155.254,1933,9,0,154.93819792507222,154.81322024982788,154.64235426746544,153.6190999600747
2024-12-19 04:00:00,1734580800,155.253,155.303,155.141,155.23,1682,9,0,155.00304283061172,154.8727602141382,154.69577660678678,153.63512881619334
2024-12-19 04:30:00,1734582600,155.229,155.351,155.224,155.303,1151,9,0,155.06969997936466,154.93422304068991,154.7509787334425,153.65172454936555
2024-12-19 05:00:00,1734584400,155.305,155.472,155.242,155.393,1645,9,0,155.14154442839475,154.99976260630564,154.80934430312954,153.66905067325249
2024-12-19 05:30:00,1734586200,155.393,155.403,155.189,155.228,1703,9,0,155.16075677764036,155.032367948262,154.84740391193594,153.68456260685196
2024-12-19 06:00:00,1734588000,155.228,155.348,155.117,155.208,2011,9,0,155.17125527149804,155.0574582413674,154.8801853744872,153.6997211878783
2024-12-19 06:30:00,1734589800,155.213,156.146,154.911,156.099,10965,9,0,155.3774207667207,155.2062499211721,154.99098670407926,153.72359460889444
2024-12-19 07:00:00,1734591600,156.103,156.621,156.099,156.483,7995,9,0,155.62310504078278,155.3886427895761,155.1266242764357,153.7510513789552
2024-12-19 07:30:00,1734593400,156.48,156.778,156.239,156.474,6415,9,0,155.8121928094977,155.54369381963664,155.2491129785779,153.778145395085
2024-12-19 08:00:00,1734595200,156.476,156.804,156.432,156.804,3621,9,0,156.03259440738708,155.72373755968854,155.39046634416172,153.80825340110408
2024-12-19 08:30:00,1734597000,156.806,157.065,156.554,156.87,5330,9,0,156.21868453907882,155.8874893368759,155.52496940378336,153.83871854139161
2024-12-19 09:00:00,1734598800,156.873,157.14,156.717,156.782,5005,9,0,156.34386575261686,156.01527657446505,155.63924491253033,153.86800492406434
2024-12-19 09:30:00,1734600600,156.784,157.144,156.723,157.042,3356,9,0,156.4990066964798,156.16195134954145,155.7667681023003,153.8995869646209
2024-12-19 10:00:00,1734602400,157.039,157.061,156.826,156.94,2800,9,0,156.59700520837316,156.27310115674982,155.87342554754574,153.92983983064457
2024-12-19 10:30:00,1734604200,156.942,156.984,156.821,156.947,2291,9,0,156.6747818287347,156.36937242007127,155.97102322504156,153.95986132486703
2024-12-19 11:00:00,1734606000,156.949,157.06,156.881,156.925,2067,9,0,156.73038586679365,156.44874778863252,156.05774838640144,153.9893651922813
2024-12-19 11:30:00,1734607800,156.926,157.029,156.675,156.694,2492,9,0,156.72230011861728,156.48378381882787,156.11558944218314,154.01627698141283
2024-12-19 12:00:00,1734609600,156.694,156.863,156.677,156.863,2634,9,0,156.75356675892453,156.53795755899532,156.1835358565301,154.04460258358785
2024-12-19 12:30:00,1734611400,156.862,156.976,156.792,156.934,2660,9,0,156.7936630347191,156.5945350505674,156.25175986957282,154.07335280663673
2024-12-19 13:00:00,1734613200,156.937,156.937,156.711,156.807,2960,9,0,156.7966268047815,156.62488718620062,156.3022362450662,154.10055327622246
2024-12-19 13:30:00,1734615000,156.809,157.049,156.393,156.904,5965,9,0,156.82048751483006,156.6647604453148,156.3569420409693,154.12844826849886
2024-12-19 14:00:00,1734616800,156.907,157.197,156.868,157.138,4277,9,0,156.89104584486782,156.73236609598413,156.4279473099721,154.158394056872
2024-12-19 14:30:00,1734618600,157.137,157.347,157.103,157.175,3926,9,0,156.95414676823054,156.79559951084354,156.49586119088372,154.18841003640563
2024-12-19 15:00:00,1734620400,157.177,157.525,157.152,157.472,3139,9,0,157.0692252641793,156.89222815215163,156.58460108262156,154.22108257335682
2024-12-19 15:30:00,1734622200,157.471,157.732,157.3,157.709,4254,9,0,157.211397427695,157.0089098447014,156.6868191660196,154.25578821939305
2024-12-19 16:00:00,1734624000,157.709,157.804,157.6,157.676,3321,9,0,157.31464244376278,157.10420843831548,156.77674469638143,154.28982017740904
2024-12-19 16:30:00,1734625800,157.676,157.735,157.587,157.726,2244,9,0,157.4060552340377,157.1930358042704,156.86304063307404,154.32401102141492
2024-12-19 17:00:00,1734627600,157.725,157.766,157.523,157.541,2462,9,0,157.43604295980708,157.24274497508893,156.92467330279456,154.35602086199785
2024-12-19 17:30:00,1734629400,157.541,157.739,157.541,157.692,1863,9,0,157.49292230207217,157.30692426436195,156.99443027526777,154.38921468426653
2024-12-19 18:00:00,1734631200,157.691,157.725,157.542,157.681,2412,9,0,157.53471734605614,157.3603636551674,157.05684570478888,154.42196876701016
2024-12-19 18:30:00,1734633000,157.682,157.703,157.525,157.538,1613,9,0,157.53544682471033,157.38574027585778,157.10058700435354,154.45297405291055
2024-12-19 19:00:00,1734634800,157.538,157.554,157.402,157.495,1745,9,0,157.52645864144137,157.40134880787812,157.1364427312305,154.48324296780697
2024-12-19 19:30:00,1734636600,157.495,157.5,157.346,157.418,1592,9,0,157.50235672112106,157.40372754960984,157.16203884657315,154.51244453031634
2024-12-19 20:00:00,1734638400,157.415,157.433,157.328,157.354,1491,9,0,157.46938856087195,157.39662361395128,157.17948986052104,154.54071871409428
2024-12-19 20:30:00,1734640200,157.355,157.429,157.304,157.327,1494,9,0,157.43774665845595,157.38667738338683,157.19289987320093,154.56844290599383
2024-12-19 21:00:00,1734642000,157.325,157.391,157.323,157.356,548,9,0,157.41958073435464,157.38229490004585,157.2077271574554,154.59617979250135
2024-12-19 21:30:00,1734643800,157.354,157.438,157.335,157.414,886,9,0,157.41834057116472,157.38682420003929,157.22647923405034,154.62421780451626
2024-12-19 22:00:00,1734645600,157.407,157.408,157.288,157.354,636,38,0,157.40404266646146,157.3821350286051,157.23807203095487,154.65137981641163
2024-12-19 22:30:00,1734647400,157.311,157.432,157.293,157.42,371,38,0,157.40758874058113,157.38754431023293,157.2546109372317,154.67892827594983
2024-12-19 23:00:00,1734649200,157.433,157.554,157.393,157.553,1000,9,0,157.43990235378533,157.4111808373425,157.28173721566517,154.70752600454733
2024-12-19 23:30:00,1734651000,157.556,157.663,157.48,157.643,1179,9,0,157.48503516405526,157.4442978605793,157.31457928696832,154.73673470101951
2024-12-20 00:00:00,1734652800,157.647,157.923,157.602,157.723,3377,9,0,157.53791623870967,157.4841124519251,157.35170844269845,154.76644878359645
2024-12-20 00:30:00,1734654600,157.724,157.87,157.695,157.738,3307,9,0,157.5823792967742,157.52038210165009,157.38682585699857,154.79601645739152
2024-12-20 01:00:00,1734656400,157.739,157.779,157.144,157.328,4286,9,0,157.5258505641577,157.49289894427153,157.38147805181688,154.82121032348712
2024-12-20 01:30:00,1734658200,157.328,157.476,157.227,157.274,3137,9,0,157.46988377212267,157.46162766651847,157.37170731983355,154.8456161909151
2024-12-20 02:00:00,1734660000,157.275,157.376,156.961,156.982,2989,9,0,157.36146515609542,157.3931094284444,157.33627938166686,154.86687374125427
2024-12-20 02:30:00,1734661800,156.983,157.146,156.881,156.969,2719,9,0,157.2742506769631,157.33252236723808,157.30289034696986,154.88779042044578
2024-12-20 03:00:00,1734663600,156.969,157.151,156.925,157.104,2207,9,0,157.23641719319352,157.2998763147755,157.28480940633622,154.90984225705827
2024-12-20 03:30:00,1734665400,157.106,157.14,156.829,157.068,3538,9,0,157.19899115026163,157.26675112695042,157.26509946030563,154.93131646345572
2024-12-20 04:00:00,1734667200,157.067,157.209,157.053,157.097,1928,9,0,157.1763264502035,157.2425009659575,157.24981769118693,154.9528655533716
2024-12-20 04:30:00,1734669000,157.095,157.307,157.085,157.293,1585,9,0,157.20225390571383,157.2497151136779,157.2537433556245,154.97615047323856
2024-12-20 05:00:00,1734670800,157.295,157.313,157.072,157.108,1948,9,0,157.18130859333297,157.2294700974382,157.2404939596586,154.99736290634067
2024-12-20 05:30:00,1734672600,157.111,157.196,156.961,157.032,1836,9,0,157.14812890592566,157.20126008351846,157.221539963326,155.0176080515512
2024-12-20 06:00:00,1734674400,157.033,157.1,156.864,156.883,2925,9,0,157.0892113712755,157.15579435730155,157.19076360302364,155.0361691654661
2024-12-20 06:30:00,1734676200,156.886,157.131,156.872,156.977,2302,9,0,157.06427551099205,157.13025230625846,157.1713305482033,155.05548091506347
2024-12-20 07:00:00,1734678000,156.984,156.988,156.782,156.903,2252,9,0,157.02843650854936,157.09778769107868,157.14693686200297,155.07386418954047
2024-12-20 07:30:00,1734679800,156.903,157.053,156.761,156.826,2427,9,0,156.9834506177606,157.05896087806744,157.11776078363906,155.09129837670923
2024-12-20 08:00:00,1734681600,156.826,156.933,156.731,156.86,2763,9,0,156.95601714714715,157.0305378954864,157.0943279851264,155.1088973978365
2024-12-20 08:30:00,1734683400,156.86,156.961,156.78,156.885,2834,9,0,156.94023555889223,157.00974676755976,157.0752981682967,155.12657006054462
2024-12-20 09:00:00,1734685200,156.886,156.912,156.629,156.733,2498,9,0,156.89418321247172,156.97021151505123,157.044180152997,155.14255443805166
2024-12-20 09:30:00,1734687000,156.732,156.784,156.621,156.717,2552,9,0,156.85480916525577,156.9340384414725,157.01443650272455,155.15822056304617
2024-12-20 10:00:00,1734688800,156.717,156.743,156.634,156.651,1663,9,0,156.80951823964338,156.893604378405,156.9813968206587,155.17307408978206
2024-12-20 10:30:00,1734690600,156.65,156.77,156.647,156.738,1700,9,0,156.7936252975004,156.87137518149,156.95926983696242,155.18864549187379
2024-12-20 11:00:00,1734692400,156.738,156.841,156.727,156.793,1182,9,0,156.7934863425003,156.86017872699145,156.94415439723858,155.20460921832282
2024-12-20 11:30:00,1734694200,156.793,156.793,156.673,156.766,1273,9,0,156.7873782663891,156.84672462313551,156.92795854294417,155.22014544500618
2024-12-20 12:00:00,1734696000,156.769,156.815,156.624,156.628,1424,9,0,156.7519608738582,156.81547824840186,156.9006895844947,155.23415394804096
2024-12-20 12:30:00,1734697800,156.626,156.744,156.591,156.731,1916,9,0,156.7473029018897,156.80340992720159,156.88526325863154,155.24904793860773
2024-12-20 13:00:00,1734699600,156.733,156.796,156.63,156.679,2337,9,0,156.73212447924755,156.7856370804585,156.8665120533014,155.26327631732806
2024-12-20 13:30:00,1734701400,156.675,156.675,156.347,156.515,4602,9,0,156.68387459497032,156.746974640393,156.83455641209216,155.2757312793447
2024-12-20 14:00:00,1734703200,156.513,156.558,156.315,156.401,3667,9,0,156.6210135738658,156.69754969176543,156.79514219281106,155.28692798303283
2024-12-20 14:30:00,1734705000,156.403,156.658,156.343,156.601,3374,9,0,156.61656611300674,156.68375687865608,156.77749290255548,155.30000332648524
2024-12-20 15:00:00,1734706800,156.594,156.762,156.398,156.725,3663,9,0,156.64066253233858,156.68964875313378,156.772720820505,155.3141823978635
2024-12-20 15:30:00,1734708600,156.727,156.776,156.468,156.502,3672,9,0,156.60984863626334,156.66284178840039,156.74810983682272,155.3260014784818
2024-12-20 16:00:00,1734710400,156.504,156.584,156.271,156.345,2463,9,0,156.55099338376039,156.6174358186289,156.71146348802066,155.3361407672531
2024-12-20 16:30:00,1734712200,156.342,156.369,156.096,156.105,2839,9,0,156.45188374292474,156.54423070168193,156.65633044365512,155.34379110787748
2024-12-20 17:00:00,1734714000,156.107,156.158,155.963,156.068,2442,9,0,156.36657624449703,156.47619774429882,156.6028458578683,155.35099716650558
2024-12-20 17:30:00,1734715800,156.069,156.102,155.948,156.069,1898,9,0,156.30044819016436,156.41802663797043,156.5543144162439,155.35814147330652
2024-12-20 18:00:00,1734717600,156.067,156.193,156.055,156.189,1636,9,0,156.2756819256834,156.38530854683182,156.5211040147672,155.36640872232834
2024-12-20 18:30:00,1734719400,156.189,156.21,156.02,156.083,1341,9,0,156.23286371997597,156.34212161157012,156.48127637706105,155.37353898379772
2024-12-20 19:00:00,1734721200,156.082,156.094,156.02,156.069,1229,9,0,156.19644955998132,156.3031042384887,156.44379670641914,155.38045899390917
2024-12-20 19:30:00,1734723000,156.07,156.108,155.972,155.999,1449,9,0,156.15257187998546,156.25966077584744,156.4033606421992,155.3866136307857
2024-12-20 20:00:00,1734724800,156.003,156.11,155.995,156.065,1286,9,0,156.1331114622109,156.2318520935835,156.37260058381744,155.3933637439122
2024-12-20 20:30:00,1734726600,156.067,156.355,156.047,156.355,1254,9,0,156.18242002616404,156.24944465164302,156.37100053074312,155.40293226387328
2024-12-20 21:00:00,1734728400,156.307,156.403,156.283,156.392,834,9,0,156.22899335368314,156.26980970140832,156.37290957340284,155.4127737338845
2024-12-20 21:30:00,1734730200,156.392,156.458,156.371,156.424,886,9,0,156.27232816397577,156.29183688692143,156.37755415763894,155.42283568678118
2024-12-22 22:00:00,1734904800,156.348,156.438,156.255,156.423,191,38,0,156.30581079420338,156.3105744745041,156.38168559785356,155.4327875704948
2024-12-22 22:30:00,1734906600,156.427,156.501,156.364,156.5,278,38,0,156.34896395104707,156.33763526386068,156.39244145259414,155.44340659964413
2024-12-22 23:00:00,1734908400,156.538,156.556,156.387,156.468,1099,9,0,156.37541640636994,156.35625879759488,156.39931041144922,155.45360155885166
2024-12-22 23:30:00,1734910200,156.467,156.561,156.429,156.557,918,9,0,156.4157683160655,156.38493611222418,156.4136458285902,155.46458064781834
2024-12-23 00:00:00,1734912000,156.565,156.579,156.424,156.451,1613,9,0,156.42359757916205,156.39437381047787,156.41704166235473,155.4743957657505
2024-12-23 00:30:00,1734913800,156.45,156.651,156.447,156.605,2198,9,0,156.46390922823716,156.4244632661239,156.43412878395887,155.4856455591261
2024-12-23 01:00:00,1734915600,156.604,156.688,156.588,156.632,1411,9,0,156.50126273307336,156.45411137096335,156.45211707632623,155.49705207097563
2024-12-23 01:30:00,1734917400,156.632,156.632,156.344,156.455,1918,9,0,156.49098212572375,156.4542383179686,156.45237916029657,155.50658389116492
2024-12-23 02:00:00,1734919200,156.455,156.462,156.332,156.379,1501,9,0,156.46609720889626,156.44348998683023,156.44570832754232,155.51526464846677
2024-12-23 02:30:00,1734921000,156.378,156.558,156.343,156.552,1517,9,0,156.48518671803043,156.45899141728304,156.45537120685665,155.52558042310892
2024-12-23 03:00:00,1734922800,156.553,156.609,156.51,156.588,1065,9,0,156.50803411402367,156.47742121481403,156.46742836986968,155.53615176218247
2024-12-23 03:30:00,1734924600,156.588,156.59,156.482,156.516,875,9,0,156.5098043109073,156.4829324698406,156.47184397260878,155.54590149589208
2024-12-23 04:00:00,1734926400,156.517,156.607,156.517,156.541,993,9,0,156.51673668626123,156.49122783129195,156.4781308841898,155.5558029735449
2024-12-23 04:30:00,1734928200,156.54,156.626,156.482,156.576,1139,9,0,156.5299063115365,156.50333814110738,156.48702807653618,155.56595418773847
2024-12-23 05:00:00,1734930000,156.577,156.634,156.551,156.625,904,9,0,156.55103824230616,156.52071840666346,156.49957097866925,155.57649195701472
2024-12-23 05:30:00,1734931800,156.626,156.658,156.606,156.645,728,9,0,156.57191863290478,156.53847291999728,156.51279179879023,155.58712387784047
2024-12-23 06:00:00,1734933600,156.647,156.649,156.514,156.596,1135,9,0,156.57727004781484,156.5466910742834,156.52035618071838,155.59716244622018
2024-12-23 06:30:00,1734935400,156.596,156.659,156.578,156.611,884,9,0,156.58476559274487,156.55587806367149,156.52859652792577,155.6072503820787
2024-12-23 07:00:00,1734937200,156.609,156.799,156.609,156.754,1072,9,0,156.62237323880157,156.58418119743268,156.54908775265977,155.6186608260381
2024-12-23 07:30:00,1734939000,156.755,156.81,156.654,156.79,1691,9,0,156.659623630179,156.6135838835137,156.57098886605434,155.63031594219694
2024-12-23 08:00:00,1734940800,156.792,156.794,156.504,156.588,2374,9,0,156.643707267917,156.60992904301176,156.57253533277665,155.63984513680197
2024-12-23 08:30:00,1734942600,156.586,156.613,156.457,156.565,1815,9,0,156.62621676393545,156.6035106082958,156.5718503025242,155.64905065782884
2024-12-23 09:00:00,1734944400,156.567,156.664,156.487,156.643,1640,9,0,156.62994637194979,156.60915194996784,156.57831845684018,155.65894070103454
2024-12-23 09:30:00,1734946200,156.644,156.758,156.609,156.696,1327,9,0,156.64462495596092,156.62155881425815,156.58901677894562,155.6692596990342
2024-12-23 10:00:00,1734948000,156.694,156.738,156.653,156.702,1301,9,0,156.65737496574738,156.63305041222128,156.59928798085963,155.6795357219294
2024-12-23 10:30:00,1734949800,156.704,156.827,156.675,156.819,1027,9,0,156.69329164002573,156.65961463904682,156.61926180078146,155.69087367494504
2024-12-23 11:00:00,1734951600,156.819,156.831,156.747,156.807,1037,9,0,156.71856016446446,156.68066969061158,156.63632890980134,155.70197940952272
2024-12-23 11:30:00,1734953400,156.809,156.879,156.809,156.845,1126,9,0,156.74665790569458,156.70414544909565,156.6552990089103,155.71335274873147
2024-12-23 12:00:00,1734955200,156.845,157.056,156.845,157.04,1345,9,0,156.81184503776245,156.75212467065342,156.6902718262821,155.72655321889334
2024-12-23 12:30:00,1734957000,157.04,157.182,157.014,157.138,1482,9,0,156.8843239182597,156.80724971770292,156.7309743875292,155.74059746547152
2024-12-23 13:00:00,1734958800,157.136,157.218,157.114,157.13,1583,9,0,156.93891860309088,156.85335690088823,156.76724944320836,155.7544223663126
2024-12-23 13:30:00,1734960600,157.127,157.255,157.104,157.214,2061,9,0,157.00004780240403,156.9048773436185,156.80786313018942,155.76894552684684
2024-12-23 14:00:00,1734962400,157.212,157.229,157.115,157.117,1718,9,0,157.02603717964757,156.93518058024443,156.8359664819904,155.78235900419165
2024-12-23 14:30:00,1734964200,157.116,157.18,157.045,157.164,2108,9,0,157.0566955841703,156.96786906878094,156.86578771090035,155.79610667579172
2024-12-23 15:00:00,1734966000,157.161,157.265,157.096,157.247,2592,9,0,157.0989854543547,157.00774491609795,156.90044337354576,155.81054342528634
2024-12-23 15:30:00,1734967800,157.246,157.248,157.079,157.129,1856,9,0,157.105655353387,157.0250670709411,156.92122124867794,155.82366239617903
2024-12-23 16:00:00,1734969600,157.128,157.21,157.108,157.179,1421,9,0,157.12195416374544,157.04705748937812,156.94465568061628,155.8371483424857
2024-12-23 16:30:00,1734971400,157.179,157.182,157.024,157.026,1224,9,0,157.10063101624644,157.04404927660983,156.95205061874208,155.84897771221222
2024-12-23 17:00:00,1734973200,157.025,157.085,156.98,157.083,909,9,0,157.09671301263612,157.04961366566556,156.96395510794733,155.8612565409464
2024-12-23 17:30:00,1734975000,157.086,157.169,157.074,157.156,1155,9,0,157.10988789871698,157.06481171342762,156.98141373449758,155.8741395604395
2024-12-23 18:00:00,1734976800,157.158,157.206,157.129,157.16,1050,9,0,157.12102392122432,157.07841004008083,156.99764884954325,155.8869341916789
2024-12-23 18:30:00,1734978600,157.163,157.164,157.069,157.13,1036,9,0,157.12301860539668,157.085780034355,157.00968077231204,155.89930300569205
2024-12-23 19:00:00,1734980400,157.132,157.15,157.097,157.121,835,9,0,157.12257002641962,157.09081145801858,157.01980070210186,155.91145919469014
2024-12-23 19:30:00,1734982200,157.121,157.13,157.053,157.097,1102,9,0,157.1168877983264,157.0916955354445,157.02681882009261,155.92325562061362
2024-12-23 20:00:00,1734984000,157.098,157.13,157.046,157.124,884,9,0,157.1184682875872,157.09631045895244,157.03565347281145,155.93520332588116
2024-12-23 20:30:00,1734985800,157.126,157.152,157.111,157.138,650,9,0,157.12280866812338,157.10226610767353,157.04495770255588,155.9471714519918
2024-12-23 21:00:00,1734987600,157.133,157.151,157.127,157.135,414,9,0,157.12551785298484,157.1069423780059,157.05314336595987,155.95899064152422
2024-12-23 21:30:00,1734989400,157.135,157.171,157.12,157.164,519,9,0,157.13406944121044,157.1150934668622,157.0632212417817,155.97098078439464
2024-12-23 22:00:00,1734991200,157.132,157.157,156.987,157.11,474,38,0,157.128720676497,157.11436582873904,157.06747385616518,155.98231430892804
2024-12-23 22:30:00,1734993000,157.118,157.146,157.054,157.138,551,38,0,157.13078274838657,157.11774213891917,157.07388532378653,155.99381366903822
2024-12-23 23:00:00,1734994800,157.149,157.231,157.091,157.127,744,9,0,157.129942137634,157.11906469050214,157.07871393071503,156.00508915491844
2024-12-23 23:30:00,1734996600,157.124,157.209,157.114,157.176,799,9,0,157.14017721815978,157.1271983061447,157.08755811883182,156.01674000909838
2024-12-24 00:00:00,1734998400,157.181,157.345,157.158,157.324,1433,9,0,157.18102672523537,157.1553128338383,157.10905283530167,156.02974757119694
2024-12-24 00:30:00,1735000200,157.325,157.389,157.252,157.31,1709,9,0,157.20968745296085,157.17741100043284,157.12732075936515,156.0424864013343
2024-12-24 01:00:00,1735002000,157.31,157.31,157.188,157.232,1545,9,0,157.21464579674733,157.18520942894244,157.13683705396832,156.05432235753992
2024-12-24 01:30:00,1735003800,157.233,157.233,157.053,157.123,1336,9,0,157.19428006413682,157.17632236766497,157.13557913997118,156.06495596592262
2024-12-24 02:00:00,1735005600,157.125,157.176,157.102,157.13,775,9,0,157.17999560543973,157.16970488656997,157.13507194542834,156.07555341899803
2024-12-24 02:30:00,1735007400,157.13,157.13,157.056,157.12,829,9,0,157.16666324867535,157.16260418848856,157.1337017685712,156.0859459222916
2024-12-24 03:00:00,1735009200,157.12,157.134,157.078,157.091,766,9,0,157.14984919341416,157.15237501870448,157.1298197896102,156.09594646037823
2024-12-24 03:30:00,1735011000,157.091,157.102,157.046,157.084,694,9,0,157.13521603932213,157.14260715888955,157.12565435419108,156.10577783888195
2024-12-24 04:00:00,1735012800,157.081,157.088,156.932,156.97,993,9,0,157.09850136391722,157.1179489933339,157.11150395835554,156.11437706436573
2024-12-24 04:30:00,1735014600,156.971,157.045,156.969,157.01,1038,9,0,157.07883439415784,157.10252770857193,157.10227632577778,156.12328873536705
2024-12-24 05:00:00,1735016400,157.01,157.047,156.911,156.933,1072,9,0,157.04642675101167,157.07830946449025,157.0868875688889,156.13134556387087
2024-12-24 05:30:00,1735018200,156.934,157.026,156.885,157.0,1413,9,0,157.0361096952313,157.0671223981345,157.07898869898992,156.13998889159353
2024-12-24 06:00:00,1735020000,156.994,157.015,156.905,156.991,1210,9,0,157.02608531851322,157.05624776982958,157.07098972635447,156.1484566638165
2024-12-24 06:30:00,1735021800,156.992,157.14,156.987,157.084,1149,9,0,157.0389552477325,157.06021237413964,157.07217247850406,156.15776555273374
2024-12-24 07:00:00,1735023600,157.087,157.104,157.039,157.066,954,9,0,157.04496519268082,157.06103917783398,157.0716113440946,156.166802711413
2024-12-24 07:30:00,1735025400,157.064,157.143,157.01,157.136,887,9,0,157.06519514986286,157.07174786671484,157.07746485826783,156.1764464655283
2024-12-24 08:00:00,1735027200,157.136,157.176,157.007,157.035,1049,9,0,157.05848511656,157.06649817146985,157.0736044166071,156.18498928676684
2024-12-24 08:30:00,1735029000,157.034,157.071,156.983,157.053,1055,9,0,157.0572662017689,157.06456986125988,157.07173128782463,156.19362620928658
2024-12-24 09:00:00,1735030800,157.053,157.085,157.003,157.056,927,9,0,157.05698482359804,157.06334559536563,157.07030117074967,156.20220704302503
2024-12-24 09:30:00,1735032600,157.056,157.099,157.031,157.086,821,9,0,157.06343264057625,157.06658193888484,157.07172833704516,156.2110010027959
2024-12-24 10:00:00,1735034400,157.086,157.091,157.017,157.057,597,9,0,157.06200316489264,157.06521309047272,157.07038939731376,156.2194189032656
2024-12-24 10:30:00,1735036200,157.056,157.095,157.049,157.085,591,9,0,157.06711357269427,157.06803979183377,157.0717176339216,156.2280316504968
2024-12-24 11:00:00,1735038000,157.085,157.135,157.064,157.111,552,9,0,157.07686611209553,157.07417696442894,157.07528875811053,156.23681740521826
2024-12-24 11:30:00,1735039800,157.111,157.168,157.1,157.139,703,9,0,157.09067364274097,157.08343739808194,157.08108068919137,156.2457943464599
2024-12-24 12:00:00,1735041600,157.14,157.149,157.068,157.106,816,9,0,157.09407949990964,157.0866606269274,157.08334608108305,156.2543536066941
2024-12-24 12:30:00,1735043400,157.107,157.147,157.087,157.131,776,9,0,157.10228405548528,157.09299482308063,157.08767825553005,156.26307645637877
2024-12-24 13:00:00,1735045200,157.129,157.133,157.093,157.11,755,9,0,157.1039987098219,157.0954241340691,157.08970750502732,156.2715035563153
2024-12-24 13:30:00,1735047000,157.11,157.193,157.102,157.189,785,9,0,157.12288788541701,157.10879211491638,157.09873409547936,156.28063287416293
2024-12-24 14:00:00,1735048800,157.188,157.274,157.183,157.211,948,9,0,157.14246835532435,157.1233932413569,157.1089400867994,156.2898902584996
2024-12-24 14:30:00,1735050600,157.211,157.294,157.19,157.272,1144,9,0,157.17125316525227,157.14462277830592,157.1237637152722,156.29966249473347
2024-12-24 15:00:00,1735052400,157.274,157.324,157.177,157.304,1063,9,0,157.20075246186286,157.16739095283367,157.14014883206562,156.30965590274607
2024-12-24 15:30:00,1735054200,157.306,157.344,157.27,157.33,1069,9,0,157.22947413700444,157.19062081671458,157.15740802915056,156.3198085803307
2024-12-24 16:00:00,1735056000,157.331,157.374,157.316,157.351,885,9,0,157.25647988433678,157.2135321286125,157.1750072992278,156.33006919147167
2024-12-24 16:30:00,1735057800,157.351,157.365,157.267,157.296,1035,9,0,157.26526213226194,157.22531325309646,157.1860066356616,156.33968044329782
2024-12-24 17:00:00,1735059600,157.296,157.327,157.26,157.286,724,9,0,157.26987054731484,157.23398278836842,157.19509694151054,156.3490965582899
2024-12-24 17:30:00,1735061400,157.286,157.345,157.275,157.307,857,9,0,157.27812153680043,157.24441381860152,157.20526994682774,156.35862793581936
2024-12-24 18:00:00,1735063200,157.306,157.306,157.225,157.233,645,9,0,157.26809452862256,157.242783273087,157.20779086075248,156.36732815536345
2024-12-24 18:30:00,1735065000,157.233,157.344,157.214,157.322,310,37,0,157.28007352226197,157.2540999483603,157.21817350977497,156.37682737769813
2024-12-24 19:00:00,1735066800,157.322,157.371,157.281,157.31,525,38,0,157.2867238506482,157.26208567002314,157.2265213725227,156.38611267742255
2024-12-24 19:30:00,1735068600,157.31,157.31,157.263,157.283,195,39,0,157.28589632828192,157.2650734314484,157.23165579320246,156.39503692938848
2024-12-24 20:00:00,1735070400,157.284,157.286,157.238,157.241,152,75,0,157.27591936644149,157.26163436981292,157.2325052665477,156.40345447237965
2024-12-24 20:30:00,1735072200,157.24,157.249,157.127,157.178,484,76,0,157.25415950723226,157.2496866026968,157.22755024231608,156.4111613930525
2024-12-24 21:00:00,1735074000,157.069,157.164,156.981,156.981,345,86,0,157.19345739451398,157.21130280231154,157.2051365839237,156.41683142894254
2024-12-24 21:30:00,1735075800,156.972,157.166,156.972,157.119,354,91,0,157.1769113068442,157.19811668769563,157.19730598538516,156.42381818089336
2024-12-25 22:00:00,1735164000,156.994,157.226,156.962,157.134,157,62,0,157.16737546087882,157.18895716088198,157.19155089580468,156.43088466665563
2024-12-25 22:30:00,1735165800,157.154,157.249,157.154,157.219,197,38,0,157.17884758068354,157.1932489950417,157.19404626891335,156.438726610271
2024-12-25 23:00:00,1735167600,157.245,157.261,157.148,157.175,761,9,0,157.17799256275384,157.19064199575004,157.19231478992123,156.4460527136514
2024-12-25 23:30:00,1735169400,157.179,157.216,157.096,157.117,932,9,0,157.16443865991965,157.1801217106429,157.18546799083748,156.45272880605287
2024-12-26 00:00:00,1735171200,157.123,157.212,157.07,157.179,1196,9,0,157.16767451327084,157.17996146626535,157.1848799916704,156.45995538509712
2024-12-26 00:30:00,1735173000,157.179,157.372,157.151,157.326,1719,9,0,157.20285795476622,157.20082411394174,157.19770908333672,156.4685727444494
2024-12-26 01:00:00,1735174800,157.324,157.471,157.24,157.466,1585,9,0,157.26133396481816,157.23870638337866,157.22209916666975,156.47849739375837
2024-12-26 01:30:00,1735176600,157.467,157.474,157.37,157.418,1101,9,0,157.296148639303,157.2643197571817,157.23990833333613,156.48784567839758
2024-12-26 02:00:00,1735178400,157.415,157.475,157.362,157.453,828,9,0,157.33100449723565,157.29127407758435,157.25928030303282,156.49744920398567
2024-12-26 02:30:00,1735180200,157.452,157.463,157.393,157.421,534,9,0,157.35100349784994,157.30980635221516,157.2739820936662,156.506638764145
2024-12-26 03:00:00,1735182000,157.421,157.436,157.33,157.389,666,9,0,157.3594471649944,157.32111973047017,157.28443826696926,156.51541847793462
2024-12-26 03:30:00,1735183800,157.388,157.412,157.354,157.369,629,9,0,157.36157001721787,157.32795976897444,157.29212569724478,156.52391182641287
2024-12-26 04:00:00,1735185600,157.368,157.441,157.364,157.425,524,9,0,157.37566556894723,157.34182265912096,157.30420517931344,156.53287787789137
2024-12-26 04:30:00,1735187400,157.425,157.463,157.352,157.424,712,9,0,157.38640655362562,157.35356227924655,157.31509561755766,156.54174476467853
2024-12-26 05:00:00,1735189200,157.425,157.431,157.369,157.39,728,9,0,157.38720509726437,157.3587676679256,157.3219051068706,156.55018511527874
2024-12-26 05:30:00,1735191000,157.39,157.39,157.304,157.346,657,9,0,157.3780484089834,157.35694371536482,157.32409555170054,156.5581036713456
2024-12-26 06:00:00,1735192800,157.345,157.417,157.328,157.368,839,9,0,157.37581542920933,157.35852318459843,157.32808686518229,156.56616234128248
2024-12-26 06:30:00,1735194600,157.37,157.413,157.363,157.37,710,9,0,157.37452311160726,157.3601627296558,157.3318971501657,156.57416072594634
2024-12-26 07:00:00,1735196400,157.371,157.417,157.334,157.414,738,9,0,157.3832957534723,157.3678537682764,157.3393610456052,156.5825173356384
2024-12-26 07:30:00,1735198200,157.414,157.443,157.367,157.369,590,9,0,157.38011891936736,157.3680175156655,157.34205549600472,156.59034303379127
2024-12-26 08:00:00,1735200000,157.372,157.384,157.344,157.379,928,9,0,157.37987027061905,157.36958644199902,157.34541408727702,156.59819036678837
2024-12-26 08:30:00,1735201800,157.379,157.412,157.339,157.34,896,9,0,157.3710102104815,157.36535980742775,157.34492189752456,156.6055715571686
2024-12-26 09:00:00,1735203600,157.342,157.457,157.302,157.397,1021,9,0,157.37678571926338,157.36987983493808,157.34965627047686,156.61344646704754
2024-12-26 09:30:00,1735205400,157.397,157.458,157.394,157.429,546,9,0,157.38838889276042,157.37832557280407,157.35686933679713,156.62156142757442
2024-12-26 10:00:00,1735207200,157.429,157.438,157.398,157.415,428,9,0,157.394302472147,157.3835647766892,157.36215394254285,156.62945633874284
2024-12-26 10:30:00,1735209000,157.415,157.449,157.414,157.438,257,9,0,157.4040130338921,157.39134123716218,157.36904903867529,156.63750154930264
2024-12-26 11:00:00,1735210800,157.438,157.571,157.429,157.555,684,9,0,157.43756569302718,157.41472106042474,157.38595367152297,156.64663088712055
2024-12-26 11:30:00,1735212600,157.554,157.586,157.547,157.584,489,9,0,157.47010665013227,157.43890376607837,157.4039578832027,156.6559579429701
2024-12-26 12:00:00,1735214400,157.586,157.651,157.579,157.644,656,9,0,157.50874961676953,157.46820322806718,157.42577989382065,156.66578920721915
2024-12-26 12:30:00,1735216200,157.645,157.662,157.623,157.648,663,9,0,157.5396941463763,157.49388848120043,157.44598172165513,156.67556244893836
2024-12-26 13:00:00,1735218000,157.648,157.658,157.592,157.639,663,9,0,157.56176211384823,157.5146186981718,157.4635288378683,156.68514889223252
2024-12-26 13:30:00,1735219800,157.642,157.839,157.641,157.832,1427,9,0,157.6218149774375,157.55995888414725,157.4970262162439,156.69656034604117
2024-12-26 14:00:00,1735221600,157.834,157.902,157.827,157.864,1032,9,0,157.6756338713403,157.60339332926907,157.53038746931261,156.70817666100595
2024-12-26 14:30:00,1735223400,157.865,157.942,157.837,157.929,1115,9,0,157.7319374554869,157.64990856794492,157.56662497210237,156.72032415691635
2024-12-26 15:00:00,1735225200,157.927,157.955,157.881,157.93,1104,9,0,157.7759513542676,157.68992162966708,157.5996590655476,156.7323607324694
2024-12-26 15:30:00,1735227000,157.931,158.07,157.913,158.067,1615,9,0,157.840628831097,157.74378996828608,157.64214460504326,156.74564072518118
2024-12-26 16:00:00,1735228800,158.069,158.08,157.983,158.008,1432,9,0,157.87782242418655,157.78153425853094,157.67540418640294,156.75820151398534
2024-12-26 16:30:00,1735230600,158.007,158.059,157.99,158.01,927,9,0,157.90719521881175,157.81417222159797,157.70582198763904,156.77065722031386
2024-12-26 17:00:00,1735232400,158.008,158.032,157.941,158.013,983,9,0,157.93070739240915,157.84257618994113,157.73374726149004,156.78301884001226
2024-12-26 17:30:00,1735234200,158.01,158.072,157.964,158.032,1122,9,0,157.95321686076267,157.86963673423526,157.7608611468091,156.79544651324596
2024-12-26 18:00:00,1735236000,158.034,158.071,157.866,157.934,1824,9,0,157.94894644725986,157.87883148648734,157.77660104255375,156.80677540366145
2024-12-26 18:30:00,1735237800,157.934,157.951,157.869,157.928,1093,9,0,157.94429168120212,157.88585555984628,157.79036458413978,156.8179318673066
2024-12-26 19:00:00,1735239600,157.927,157.991,157.924,157.973,1020,9,0,157.95067130760165,157.89830476558254,157.80696780376343,156.8294250825573
2024-12-26 19:30:00,1735241400,157.974,158.022,157.916,157.983,1116,9,0,157.95785546146794,157.91040408478503,157.822970730694,156.84090343994478
2024-12-26 20:00:00,1735243200,157.98,157.98,157.888,157.908,726,9,0,157.9467764700306,157.91006064410146,157.83070066426728,156.85152131616425
2024-12-26 20:30:00,1735245000,157.908,157.971,157.902,157.962,863,9,0,157.9501594766905,157.91748055208697,157.84263696751572,156.8625708553069
2024-12-26 21:00:00,1735246800,157.948,157.977,157.94,157.973,591,9,0,157.95523514853704,157.92541190178883,157.85448815228702,156.87361990152277
2024-12-26 21:30:00,1735248600,157.977,158.022,157.97,157.977,763,9,0,157.96007178219548,157.9327816301047,157.86562559298818,156.88459880797527
2024-12-26 22:00:00,1735250400,157.876,157.93,157.735,157.881,315,38,0,157.9425002750409,157.92538425437544,157.86702326635287,156.8945132476969
2024-12-26 22:30:00,1735252200,157.881,157.888,157.838,157.88,152,38,0,157.92861132503182,157.91890078946466,157.8682029694117,156.9043190860283
2024-12-26 23:00:00,1735254000,157.888,157.891,157.702,157.736,772,9,0,157.8858088083581,157.8927721052554,157.856184517647,156.91259451800812
2024-12-26 23:30:00,1735255800,157.739,157.83,157.667,157.762,1097,9,0,157.85829573983406,157.8740903759332,157.84762228877,156.92104631384885
2024-12-27 00:00:00,1735257600,157.767,157.854,157.711,157.751,1411,9,0,157.83445224209316,157.8565060365142,157.83883844433637,156.9293045594822
2024-12-27 00:30:00,1735259400,157.751,157.95,157.655,157.914,2438,9,0,157.852129521628,157.86471945986932,157.84567131303308,156.93910252406448
2024-12-27 01:00:00,1735261200,157.911,157.947,157.68,157.739,2002,9,0,157.8269896279329,157.84675953703086,157.83597392093915,156.94706170292952
2024-12-27 01:30:00,1735263000,157.739,157.863,157.71,157.74,1461,9,0,157.80765859950338,157.8315081745979,157.8272490190356,156.95495163623372
2024-12-27 02:00:00,1735264800,157.741,157.76,157.502,157.576,1747,9,0,157.75617891072486,157.7950070067982,157.80440819912326,156.96113122194285
2024-12-27 02:30:00,1735266600,157.576,157.677,157.511,157.597,1523,9,0,157.72080581945266,157.7667202915413,157.78555290829385,156.96745827446085
2024-12-27 03:00:00,1735268400,157.596,157.713,157.596,157.613,850,9,0,157.6968489706854,157.74476024989255,157.76986628026714,156.9738815752125
2024-12-27 03:30:00,1735270200,157.61,157.671,157.596,157.646,885,9,0,157.68554919942198,157.73065164276505,157.75860570933375,156.98056932073277
2024-12-27 04:00:00,1735272000,157.646,157.671,157.618,157.638,712,9,0,157.67498271066154,157.7174156937986,157.74764155393976,156.98711091953146
2024-12-27 04:30:00,1735273800,157.64,157.652,157.547,157.573,688,9,0,157.65231988607007,157.69678488039884,157.73176504903614,156.99294066162568
2024-12-27 05:00:00,1735275600,157.572,157.649,157.557,157.616,707,9,0,157.64424880027673,157.68524418319902,157.7212409536692,156.9991402570324
2024-12-27 05:30:00,1735277400,157.617,157.77,157.616,157.757,946,9,0,157.66930462243744,157.6954950141706,157.7244917760629,157.00668114999726
2024-12-27 06:00:00,1735279200,157.757,157.757,157.664,157.742,1005,9,0,157.68545915078468,157.70213858357482,157.72608343278443,157.01399775546994
2024-12-27 06:30:00,1735281000,157.743,157.813,157.656,157.752,1264,9,0,157.70024600616586,157.70926164306414,157.7284394843495,157.02134106138567
2024-12-27 07:00:00,1735282800,157.754,157.818,157.729,157.804,1174,9,0,157.72330244924012,157.72279569405498,157.7353086221359,157.02912871251618
2024-12-27 07:30:00,1735284600,157.805,157.852,157.737,157.811,1158,9,0,157.74279079385343,157.73539630918998,157.74218965648717,157.03690852632198
2024-12-27 08:00:00,1735286400,157.815,157.912,157.78,157.884,1346,9,0,157.77417061744157,157.75662540787712,157.7550815058974,157.04533729720436
2024-12-27 08:30:00,1735288200,157.881,157.902,157.832,157.846,1252,9,0,157.79013270245457,157.76939320675183,157.7633468235431,157.053304090267
2024-12-27 09:00:00,1735290000,157.845,157.87,157.751,157.794,891,9,0,157.79099210190913,157.77290846293016,157.76613347594824,157.06067419882157
2024-12-27 09:30:00,1735291800,157.794,157.896,157.789,157.873,984,9,0,157.80921607926265,157.78720725394015,157.77584861449841,157.06875704261438
2024-12-27 10:00:00,1735293600,157.875,157.876,157.744,157.744,908,9,0,157.79472361720428,157.78103478909156,157.77295328590765,157.07547587801125
2024-12-27 10:30:00,1735295400,157.742,157.783,157.704,157.756,883,9,0,157.78611836893666,157.7774583906499,157.77141207809785,157.08224726230964
2024-12-27 11:00:00,1735297200,157.754,157.786,157.644,157.685,893,9,0,157.76364762028408,157.7642500491285,157.7635564346344,157.08824480198817
2024-12-27 11:30:00,1735299000,157.685,157.723,157.619,157.649,877,9,0,157.73817037133205,157.74778575639584,157.75314221330402,157.09382445569975
2024-12-27 12:00:00,1735300800,157.651,157.717,157.576,157.708,1122,9,0,157.73146584436938,157.74210207691073,157.74903837573092,157.09993565514554
2024-12-27 12:30:00,1735302600,157.707,157.793,157.703,157.792,1141,9,0,157.74491787895397,157.74923035163778,157.7529439779372,157.10682186753218
2024-12-27 13:00:00,1735304400,157.793,157.868,157.741,157.789,1358,9,0,157.7547139058531,157.75491172997525,157.75622179812473,157.1136097096463
2024-12-27 13:30:00,1735306200,157.789,157.801,157.681,157.791,1280,9,0,157.7627774823302,157.76006719712163,157.75938345284067,157.1203499115404
2024-12-27 14:00:00,1735308000,157.79,157.859,157.725,157.759,1429,9,0,157.76193804181236,157.75991474038997,157.7593485934915,157.12670463878874
2024-12-27 14:30:00,1735309800,157.759,157.892,157.685,157.814,1743,9,0,157.77350736585407,157.76764120604855,157.76431690317406,157.1335433986018
2024-12-27 15:00:00,1735311600,157.815,157.873,157.7,157.871,1859,9,0,157.79517239566428,157.7824067480416,157.77401536652187,157.14088127523263
2024-12-27 15:30:00,1735313400,157.874,157.874,157.527,157.567,2148,9,0,157.74446741884998,157.75163435546426,157.75519578774714,157.14512126254374
2024-12-27 16:00:00,1735315200,157.569,157.624,157.347,157.469,2527,9,0,157.68325243688332,157.71125801896937,157.729177988861,157.1483439365483
2024-12-27 16:30:00,1735317000,157.472,157.734,157.472,157.727,1655,9,0,157.69297411757591,157.71350687340234,157.72897998987364,157.15410170832394
2024-12-27 17:00:00,1735318800,157.727,157.777,157.671,157.736,1393,9,0,157.70253542478127,157.71672017720203,157.7296181726124,157.15989174107693
2024-12-27 17:30:00,1735320600,157.735,157.841,157.735,157.823,1190,9,0,157.72930533038544,157.73190300903033,157.73810742964764,157.16648983320553
2024-12-27 18:00:00,1735322400,157.821,157.84,157.768,157.819,885,9,0,157.74923747918868,157.74434543631173,157.74546129967965,157.1729824716811
2024-12-27 18:30:00,1735324200,157.817,157.852,157.764,157.828,874,9,0,157.7667402615912,157.7562960882672,157.7529648178906,157.1795000590276
2024-12-27 19:00:00,1735326000,157.83,157.9,157.827,157.865,908,9,0,157.78857575901537,157.77182521851475,157.76314983444598,157.18632095396262
2024-12-27 19:30:00,1735327800,157.865,157.941,157.865,157.938,643,9,0,157.82178114590084,157.79556447301266,157.7790453040418,157.19380034745552
2024-12-27 20:00:00,1735329600,157.938,157.942,157.896,157.92,619,9,0,157.84360755792287,157.813340976868,157.7918593673107,157.20102621464503
2024-12-27 20:30:00,1735331400,157.918,157.939,157.85,157.901,936,9,0,157.85636143394,157.8258636944583,157.8017812430097,157.20799112793216
2024-12-27 21:00:00,1735333200,157.9,157.915,157.874,157.884,503,9,0,157.86250333750888,157.83416888096426,157.80925567546336,157.21471758437065
2024-12-27 21:30:00,1735335000,157.884,157.908,157.824,157.873,605,9,0,157.86483592917358,157.83971618368366,157.8150506140576,157.221267658158
2024-12-29 22:00:00,1735509600,157.687,157.757,157.592,157.638,270,74,0,157.81442794491278,157.81089958601459,157.79895510368874,157.2254142486241
2024-12-29 22:30:00,1735511400,157.701,157.753,157.621,157.669,398,38,0,157.78211062382104,157.79062821658394,157.7871410033534,157.22982803719503
2024-12-29 23:00:00,1735513200,157.693,157.838,157.689,157.822,603,9,0,157.7909749296386,157.7951098999291,157.79031000304855,157.23572029553142
2024-12-29 23:30:00,1735515000,157.822,157.889,157.818,157.885,504,9,0,157.8118693897189,157.80795134279637,157.79891818458958,157.24218079010328
2024-12-30 00:00:00,1735516800,157.899,157.899,157.717,157.718,1233,9,0,157.79100952533693,157.79510115096832,157.7915619859905,157.24691530960473
2024-12-30 00:30:00,1735518600,157.718,157.984,157.696,157.939,1524,9,0,157.82389629748428,157.81565812940144,157.80496544180957,157.25380172443454
2024-12-30 01:00:00,1735520400,157.939,157.958,157.785,157.806,899,9,0,157.81991934248776,157.81427839662982,157.80505949255416,157.25929623463918
2024-12-30 01:30:00,1735522200,157.806,157.821,157.726,157.792,769,9,0,157.81371504415716,157.81109576853984,157.80387226595835,157.26459676961792
2024-12-30 02:00:00,1735524000,157.792,157.792,157.703,157.713,666,9,0,157.79133392323334,157.79708208731986,157.79561115087122,157.26905849330333
2024-12-30 02:30:00,1735525800,157.713,157.824,157.695,157.803,721,9,0,157.79392638473703,157.79792750341701,157.79628286442838,157.27437134411625
2024-12-30 03:00:00,1735527600,157.801,157.847,157.794,157.809,629,9,0,157.7972760770177,157.79950928864315,157.79743896766215,157.2796910322345
2024-12-30 03:30:00,1735529400,157.808,157.822,157.793,157.811,403,9,0,157.80032583768042,157.801150818837,157.79867178878376,157.28497768863016
2024-12-30 04:00:00,1735531200,157.811,157.821,157.787,157.787,371,9,0,157.7973645404181,157.79912927328886,157.79761071707617,157.28997293550947
2024-12-30 04:30:00,1735533000,157.787,157.811,157.755,157.788,457,9,0,157.7952835314363,157.79753937710475,157.79673701552377,157.29492842868848
2024-12-30 05:00:00,1735534800,157.79,157.873,157.768,157.85,769,9,0,157.80744274667268,157.8050337518041,157.8015791050216,157.30045152890054
2024-12-30 05:30:00,1735536600,157.849,157.956,157.825,157.853,1529,9,0,157.81756658074542,157.81188607297494,157.8062537318378,157.30594952363785
2024-12-30 06:00:00,1735538400,157.856,158.072,157.832,157.909,1624,9,0,157.83788511835755,157.8257594911214,157.81559430167076,157.31195002589024
2024-12-30 06:30:00,1735540200,157.907,157.965,157.817,157.868,1115,9,0,157.84457731427807,157.83179384953263,157.82035845606433,157.31748286145353
2024-12-30 07:00:00,1735542000,157.87,157.882,157.803,157.819,1251,9,0,157.83889346666072,157.82996615674227,157.82023496005846,157.32247308173757
2024-12-30 07:30:00,1735543800,157.819,157.889,157.806,157.886,1047,9,0,157.84936158518056,157.83797099149336,157.82621360005314,157.3280803147551
2024-12-30 08:00:00,1735545600,157.885,157.927,157.808,157.857,1361,9,0,157.851059010696,157.84068942128002,157.82901236368468,157.33334319719538
2024-12-30 08:30:00,1735547400,157.859,157.924,157.847,157.897,960,9,0,157.8612681194302,157.84873378966861,157.83519305789517,157.33895172259642
2024-12-30 09:00:00,1735549200,157.895,157.983,157.895,157.926,1065,9,0,157.87565298177904,157.85977181971597,157.84344823445014,157.3447929989885
2024-12-30 09:30:00,1735551000,157.926,157.926,157.848,157.871,841,9,0,157.87461898582814,157.86137584547083,157.8459529404092,157.35002888954585
2024-12-30 10:00:00,1735552800,157.871,157.878,157.756,157.82,893,9,0,157.86248143342186,157.85546501040358,157.84359358219018,157.35470521900314
2024-12-30 10:30:00,1735554600,157.821,157.825,157.755,157.779,565,9,0,157.84393000377256,157.84454143748877,157.8377214383547,157.35892705762004
2024-12-30 11:00:00,1735556400,157.779,157.779,157.599,157.647,906,9,0,157.80016778071197,157.81632123213322,157.82038312577697,157.36179345505664
2024-12-30 11:30:00,1735558200,157.646,157.65,157.558,157.634,1172,9,0,157.7632416072204,157.79027534182848,157.8034392052518,157.3645019778919
2024-12-30 12:00:00,1735560000,157.633,157.648,157.537,157.599,1177,9,0,157.72674347228255,157.76295029299584,157.7848538229562,157.36683529154473
2024-12-30 12:30:00,1735561800,157.597,157.597,157.481,157.552,1308,9,0,157.6879115895531,157.73281453685357,157.76368529359652,157.36867772645473
2024-12-30 13:00:00,1735563600,157.551,157.641,157.501,157.624,1509,9,0,157.67370901409686,157.71726960301734,157.7509866305423,157.3712182465895
2024-12-30 13:30:00,1735565400,157.625,157.633,157.447,157.454,1914,9,0,157.624884788742,157.67965965972917,157.72398784594753,157.37204194562844
2024-12-30 14:00:00,1735567200,157.456,157.546,157.409,157.468,1828,9,0,157.5900215023549,157.64942256548215,157.70071622358864,157.3729967521396
2024-12-30 14:30:00,1735569000,157.47,157.525,157.06,157.086,3357,9,0,157.47801672405382,157.56893362755613,157.64483293053513,157.3701410630636
2024-12-30 15:00:00,1735570800,157.085,157.105,156.718,156.756,4462,9,0,157.31756856315297,157.45280025219097,157.56402993685012,157.36403020671472
2024-12-30 15:30:00,1735572600,156.757,157.275,156.668,157.172,4351,9,0,157.28521999356343,157.4126859304494,157.52839085168193,157.3621194583892
2024-12-30 16:00:00,1735574400,157.174,157.222,157.003,157.164,2489,9,0,157.258282217216,157.37715936895665,157.4952644106199,157.36014812049478
2024-12-30 16:30:00,1735576200,157.164,157.294,157.129,157.259,1777,9,0,157.25844172450132,157.3602794591057,157.47378582783628,157.35914167153464
2024-12-30 17:00:00,1735578000,157.261,157.35,157.182,157.232,1473,9,0,157.25256578572325,157.3419538220906,157.45180529803298,157.3578765802756
2024-12-30 17:30:00,1735579800,157.233,157.279,157.114,157.148,1074,9,0,157.22932894445142,157.31424613322054,157.42418663457545,157.35578825609375
2024-12-30 18:00:00,1735581600,157.145,157.148,157.038,157.1,1173,9,0,157.20058917901778,157.28363954276048,157.39471512234132,157.3532430993167
2024-12-30 18:30:00,1735583400,157.099,157.1,156.941,156.971,1105,9,0,157.14956936145828,157.23897675093755,157.35619556576484,157.34943968539315
2024-12-30 19:00:00,1735585200,156.971,157.005,156.916,156.973,815,9,0,157.11033172557867,157.2009800722322,157.32135960524076,157.3456940168818
2024-12-30 19:30:00,1735587000,156.975,157.097,156.975,157.089,880,9,0,157.10559134211672,157.18498291905615,157.30023600476432,157.3431398475596
2024-12-30 20:00:00,1735588800,157.089,157.112,156.954,156.955,789,9,0,157.0721265994241,157.15212821633386,157.2688509134221,157.3392777595242
2024-12-30 20:30:00,1735590600,156.955,156.955,156.798,156.822,1264,9,0,157.0165429106632,157.1049670425719,157.228228103111,157.3341307171409
2024-12-30 21:00:00,1735592400,156.82,156.845,156.753,156.776,658,9,0,156.96308893051582,157.05797175077592,157.18711645737363,157.32857717766686
2024-12-30 21:30:00,1735594200,156.778,156.868,156.773,156.827,699,9,0,156.93284694595675,157.02497578637937,157.1543785976124,157.32358635997863
2024-12-30 22:00:00,1735596000,156.811,156.854,156.705,156.805,182,38,0,156.90443651352192,156.99355067403948,157.12261690692037,157.31842629669526
2024-12-30 22:30:00,1735597800,156.82,156.898,156.817,156.861,191,38,0,156.8947839549615,156.97461486346242,157.09883355174577,157.31387479125553
2024-12-30 23:00:00,1735599600,156.885,157.06,156.862,157.021,559,9,0,156.92283196497004,156.98124131153924,157.09175777431435,157.31096061422812
2024-12-30 23:30:00,1735601400,157.021,157.043,156.949,157.006,688,9,0,156.94131375053226,156.98477826703362,157.08396161301306,157.30792618025572
2024-12-31 00:00:00,1735603200,157.007,157.045,156.874,156.877,781,9,0,156.92702180596953,156.9693813717431,157.06514692092097,157.30363835756663
2024-12-31 00:30:00,1735605000,156.876,156.923,156.69,156.691,1498,9,0,156.87457251575407,156.92961260435123,157.0311335644736,157.29754245351123
2024-12-31 01:00:00,1735606800,156.69,156.742,156.439,156.439,1713,9,0,156.77777862336427,156.85952508944393,156.97730324043053,157.28899974253102
2024-12-31 01:30:00,1735608600,156.438,156.522,156.368,156.438,2154,9,0,156.70227226261665,156.79930721952337,156.92827567311863,157.28053208340134
2024-12-31 02:00:00,1735610400,156.44,156.504,156.379,156.45,1507,9,0,156.64621175981296,156.74940618816288,156.88479606647147,157.2722680825715
2024-12-31 02:30:00,1735612200,156.451,156.451,156.366,156.387,1330,9,0,156.58860914652118,156.6976338755682,156.83954187861042,157.26345944493397
2024-12-31 03:00:00,1735614000,156.386,156.479,156.325,156.441,1172,9,0,156.55580711396092,156.66097189334417,156.80331079873673,157.25527576886498
2024-12-31 03:30:00,1735615800,156.442,156.463,156.4,156.439,753,9,0,156.52984997752515,156.62926162286644,156.77019163521518,157.2471536219111
2024-12-31 04:00:00,1735617600,156.438,156.459,156.367,156.377,701,9,0,156.4958833158529,156.59322424817123,156.73444694110472,157.23849537691697
2024-12-31 04:30:00,1735619400,156.378,156.391,156.139,156.226,1220,9,0,156.43590924566337,156.54076364128963,156.68822449191336,157.22842079605212
2024-12-31 05:00:00,1735621200,156.226,156.229,156.133,156.206,769,9,0,156.38481830218262,156.49294026396254,156.6443859017394,157.21824745479788
2024-12-31 05:30:00,1735623000,156.206,156.236,156.131,156.233,1064,9,0,156.3510809016976,156.4558059405393,156.60698718339947,157.2084439975362
2024-12-31 06:00:00,1735624800,156.233,156.235,156.144,156.21,1129,9,0,156.31972959020925,156.42069080617654,156.57089743945406,157.19850923139157
2024-12-31 06:30:00,1735626600,156.21,156.374,156.199,156.355,919,9,0,156.32756745905164,156.41130640529417,156.5512703995037,157.19011610471105
2024-12-31 07:00:00,1735628400,156.353,156.358,156.14,156.148,1112,9,0,156.2876635792624,156.37369120453786,156.51460945409428,157.17974679023632
2024-12-31 07:30:00,1735630200,156.145,156.214,156.061,156.199,1781,9,0,156.26796056164852,156.34873531817533,156.48591768554027,157.1699881157066
2024-12-31 08:00:00,1735632000,156.199,156.254,156.018,156.131,1873,9,0,156.23752488128218,156.31763027272171,156.45365244140024,157.15964992550056
2024-12-31 08:30:00,1735633800,156.13,156.218,156.063,156.149,1574,9,0,156.2178526854417,156.29354023376146,156.4259567649093,157.14959370733638
2024-12-31 09:00:00,1735635600,156.147,156.367,156.127,156.343,1274,9,0,156.245663199788,156.3006059146527,156.41841524082662,157.1415678993032
2024-12-31 09:30:00,1735637400,156.343,156.672,156.343,156.638,1606,9,0,156.33284915539068,156.3488050697023,156.43837749166056,157.1365572734395
2024-12-31 10:00:00,1735639200,156.641,156.958,156.608,156.914,2614,9,0,156.46199378752607,156.42954720260198,156.4816159015096,157.13434277320627
2024-12-31 10:30:00,1735641000,156.915,156.922,156.733,156.833,2065,9,0,156.54443961252028,156.487183316516,156.51355991046327,157.131344337652
2024-12-31 11:00:00,1735642800,156.834,156.834,156.632,156.672,1664,9,0,156.57278636529355,156.51358569987084,156.5279635549666,157.1267737472276
2024-12-31 11:30:00,1735644600,156.671,156.81,156.657,156.796,1223,9,0,156.6223893952283,156.5539305998893,156.55233050451508,157.12348246616065
2024-12-31 12:00:00,1735646400,156.796,156.796,156.55,156.777,1762,9,0,156.6567473073998,156.58579765704798,156.57275500410464,157.1200348794327
2024-12-31 12:30:00,1735648200,156.777,156.891,156.719,156.888,1361,9,0,156.70813679464428,156.62896942032685,156.60141364009513,157.11772607466222
2024-12-31 13:00:00,1735650000,156.888,156.951,156.824,156.885,1850,9,0,156.74743972916775,156.66554521742302,156.62719421826827,157.11541039232728
2024-12-31 13:30:00,1735651800,156.886,157.086,156.845,157.009,1987,9,0,156.80556423379713,156.7146101863626,156.66190383478934,157.1143515824534
2024-12-31 14:00:00,1735653600,157.008,157.064,156.906,156.981,1961,9,0,156.84454995962,156.75266587402507,156.6909125770812,157.11302470103595
2024-12-31 14:30:00,1735655400,156.979,157.008,156.682,156.77,3370,9,0,156.82798330192668,156.7551421777358,156.6981023428011,157.10961151993112
2024-12-31 15:00:00,1735657200,156.771,156.874,156.702,156.861,3103,9,0,156.83532034594296,156.77026472377355,156.71291122072824,157.10713777346416
2024-12-31 15:30:00,1735659000,156.859,157.19,156.789,157.155,3959,9,0,156.90636026906674,156.82522690609164,156.75310110975295,157.10761401452424
2024-12-31 16:00:00,1735660800,157.157,157.24,157.098,157.212,3267,9,0,156.97428020927413,156.8804802052214,156.7948191906845,157.1086526810464
2024-12-31 16:30:00,1735662600,157.212,157.42,157.163,157.367,2027,9,0,157.06155127387987,156.94998303304692,156.846835627895,157.1112233011355
2024-12-31 17:00:00,1735664400,157.364,157.546,157.35,157.5,1660,9,0,157.1589843241288,157.0285568854688,156.90621420717724,157.11509172599983
2024-12-31 17:30:00,1735666200,157.5,157.526,157.307,157.364,2558,9,0,157.2045433632113,157.07647733040184,156.94783109743386,157.1175684252436
2024-12-31 18:00:00,1735668000,157.366,157.392,157.322,157.333,1588,9,0,157.23308928249764,157.11312342605873,156.98284645221258,157.11971202300236
2024-12-31 18:30:00,1735669800,157.333,157.357,157.234,157.295,950,9,0,157.2468472197204,157.13910579376463,157.011224047466,157.1214561819775
2024-12-31 19:00:00,1735671600,157.295,157.309,157.234,157.259,891,9,0,157.2495478375603,157.15623353751255,157.03374913406,157.1228247771817
2024-12-31 19:30:00,1735673400,157.259,157.311,157.244,157.308,743,9,0,157.26253720699134,157.17791446072505,157.05868103096364,157.12466731671225
2024-12-31 20:00:00,1735675200,157.306,157.371,157.297,157.361,513,9,0,157.28441782765992,157.20406953776433,157.08616457360333,157.12701888570018
2024-12-31 20:30:00,1735677000,157.361,157.373,157.291,157.347,817,9,0,157.29832497706883,157.22448817522655,157.1098768850939,157.12920775250916
2024-12-31 21:00:00,1735678800,157.347,157.347,157.277,157.295,460,9,0,157.29758609327575,157.23456129305134,157.1267062591763,157.13085742661357
2024-12-31 21:30:00,1735680600,157.295,157.311,157.192,157.208,693,9,0,157.27767807254781,157.23076682261546,157.1340965992512,157.13162501440846
2025-01-01 22:00:00,1735768800,157.014,157.215,156.999,157.187,318,61,0,157.25752738975942,157.2245144193847,157.13890599931926,157.13217600928996
2025-01-01 22:30:00,1735770600,157.203,157.259,157.184,157.258,315,38,0,157.25763241425733,157.22929807375832,157.14973272665387,157.13342798929705
2025-01-01 23:00:00,1735772400,157.268,157.33,157.24,157.324,610,9,0,157.27238076664457,157.24282692036428,157.16557520604897,157.13532422820953
2025-01-01 23:30:00,1735774200,157.325,157.768,157.325,157.678,1135,9,0,157.3625183740569,157.30499450316938,157.21215927822632,157.14072398713282
2025-01-02 00:00:00,1735776000,157.697,157.771,157.437,157.45,2208,9,0,157.3819587353776,157.32570957414518,157.23378116202392,157.14380136039517
2025-01-02 00:30:00,1735777800,157.45,157.567,157.293,157.432,2011,9,0,157.39307901640478,157.34089392069586,157.25180105638537,157.14666900855045
2025-01-02 01:00:00,1735779600,157.433,157.639,157.414,157.603,2043,9,0,157.4397281238704,157.37833764631074,157.28372823307762,157.15120961543053
2025-01-02 01:30:00,1735781400,157.603,157.66,157.482,157.51,1384,9,0,157.45534409634365,157.39714655398063,157.30429839370692,157.15477966900835
2025-01-02 02:00:00,1735783200,157.509,157.509,157.345,157.364,936,9,0,157.43504540826729,157.39241133198342,157.30972581246084,157.1568614633466
2025-01-02 02:30:00,1735785000,157.364,157.45,157.263,157.284,953,9,0,157.40147976198568,157.37692399884295,157.30738710223713,157.1581265234128
2025-01-02 03:00:00,1735786800,157.284,157.302,157.127,157.193,872,9,0,157.35515092598888,157.3506491418654,157.29698827476102,157.15847352317982
2025-01-02 03:30:00,1735788600,157.193,157.275,157.153,157.154,926,9,0,157.31045072021357,157.32255640731321,157.28398934069182,157.15842901051138
2025-01-02 04:00:00,1735790400,157.154,157.156,157.03,157.045,810,9,0,157.2514616712772,157.28290549198277,157.26226303699255,157.15730036364064
2025-01-02 04:30:00,1735792200,157.044,157.094,156.992,157.019,792,9,0,157.1998035221045,157.24520470741382,157.24014821544776,157.15592424061936
2025-01-02 05:00:00,1735794000,157.019,157.167,156.973,157.15,881,9,0,157.18873607274796,157.23160403492614,157.23195292313432,157.15586529295152
2025-01-02 05:30:00,1735795800,157.15,157.206,157.134,157.205,734,9,0,157.19235027880396,157.2278034585081,157.22950265739482,157.1563541955092
2025-01-02 06:00:00,1735797600,157.204,157.208,156.831,156.851,1167,9,0,157.11649466129197,157.17397439300694,157.19509332490438,157.15331584530514
2025-01-02 06:30:00,1735799400,156.849,156.849,156.657,156.661,2074,9,0,157.0152736254493,157.1006923368631,157.14653938627671,157.14841718017774
2025-01-02 07:00:00,1735801200,156.658,156.741,156.546,156.718,2170,9,0,156.9492128197939,157.0460220030255,157.10758126025155,157.14413442216605
2025-01-02 07:30:00,1735803000,156.721,156.744,156.434,156.668,2316,9,0,156.8867210820619,156.99201885973616,157.0676193275014,157.1393967662241
2025-01-02 08:00:00,1735804800,156.672,156.823,156.462,156.532,2771,9,0,156.80789417493705,156.92630187977386,157.0189266613649,157.13335301730646
2025-01-02 08:30:00,1735806600,156.532,156.825,156.493,156.778,2424,9,0,156.80125102495103,156.905115896949,156.99702423760445,157.129817166388
2025-01-02 09:00:00,1735808400,156.776,156.917,156.742,156.813,1873,9,0,156.80386190829523,156.89195648309914,156.9802947614586,157.1266647567722
2025-01-02 09:30:00,1735810200,156.813,156.86,156.769,156.788,1083,9,0,156.80033703978518,156.87710555694213,156.96281341950782,157.12329495819736
2025-01-02 10:00:00,1735812000,156.79,156.977,156.787,156.874,1417,9,0,156.81670658649958,156.87666190595039,156.95473947227984,157.12081441134964
2025-01-02 10:30:00,1735813800,156.872,157.162,156.864,157.13,1860,9,0,156.88632734505524,156.91285306224322,156.97067224752712,157.12090581024168
2025-01-02 11:00:00,1735815600,157.13,157.269,157.048,157.26,1994,9,0,156.96936571282075,156.96244548192277,156.99697477047917,157.12228983203033
2025-01-02 11:30:00,1735817400,157.259,157.283,157.156,157.198,1856,9,0,157.0201733321939,156.99609612736236,157.0152497913447,157.123043167035
2025-01-02 12:00:00,1735819200,157.199,157.214,157.072,157.138,1640,9,0,157.04635703615082,157.01636810916773,157.02640890122245,157.12319199124363
2025-01-02 12:30:00,1735821000,157.139,157.186,157.015,157.075,1792,9,0,157.05272213922842,157.02474409357234,157.03082627383858,157.1227124689427
2025-01-02 13:00:00,1735822800,157.074,157.122,156.813,156.849,2173,9,0,157.00745055273322,156.99963779449058,157.01429661258052,157.11998896178903
2025-01-02 13:30:00,1735824600,156.847,157.237,156.712,156.826,4442,9,0,156.96712820768138,156.97483239527764,156.99717873870955,157.11706369848764
2025-01-02 14:00:00,1735826400,156.824,157.095,156.673,156.752,3594,9,0,156.91932193930774,156.94299919595227,156.97488976246322,157.11343122387584
2025-01-02 14:30:00,1735828200,156.748,157.114,156.63,157.024,3748,9,0,156.9425837305727,156.95457073938766,156.979354329512,157.1125413609517
2025-01-02 15:00:00,1735830000,157.025,157.136,156.779,156.991,3738,9,0,156.95334290155654,156.95977491947514,156.9804130268291,157.11133199417608
2025-01-02 15:30:00,1735831800,156.988,157.185,156.966,157.145,3288,9,0,156.9959333678773,156.9862356452644,156.99537547893553,157.11166699920915
2025-01-02 16:00:00,1735833600,157.144,157.517,157.132,157.51,3621,9,0,157.1101703972379,157.06105912451235,157.04215952630503,157.11563051165484
2025-01-02 16:30:00,1735835400,157.511,157.749,157.473,157.657,2557,9,0,157.23168808674058,157.1461935352963,157.09805411482273,157.1210172727329
2025-01-02 17:00:00,1735837200,157.657,157.85,157.57,157.765,2200,9,0,157.35020184524268,157.23459445882543,157.15868555892976,157.12742506106392
2025-01-02 17:30:00,1735839000,157.768,157.81,157.488,157.561,2277,9,0,157.3970458796332,157.28122382185038,157.19525959902705,157.1317392395608
2025-01-02 18:00:00,1735840800,157.56,157.633,157.462,157.558,1732,9,0,157.43281346193695,157.32076327587174,157.2282359991155,157.13598064016222
2025-01-02 18:30:00,1735842600,157.555,157.564,157.486,157.497,1523,9,0,157.44707713706208,157.3459399507472,157.252669090105,157.13957287259842
2025-01-02 19:00:00,1735844400,157.497,157.649,157.47,157.597,1075,9,0,157.48039332882607,157.38180567206905,157.28397190009545,157.14412438630393
2025-01-02 19:30:00,1735846200,157.597,157.674,157.554,157.616,1265,9,0,157.51052814464248,157.41526200463062,157.31415627281405,157.1488196660422
2025-01-02 20:00:00,1735848000,157.614,157.653,157.575,157.588,872,9,0,157.5277441124997,157.43993886111195,157.33905115710368,157.15318961961393
2025-01-02 20:30:00,1735849800,157.587,157.626,157.561,157.625,758,9,0,157.54935653194423,157.4663761666674,157.3650465064579,157.15788425026454
2025-01-02 21:00:00,1735851600,157.61,157.618,157.537,157.555,488,9,0,157.55061063595662,157.47903671428637,157.3823150058708,157.16183565075943
2025-01-02 21:30:00,1735853400,157.557,157.573,157.475,157.497,547,9,0,157.53869716129958,157.48160289795976,157.392740914428,157.1651706194086
2025-01-02 22:00:00,1735855200,157.484,157.502,157.319,157.445,154,38,0,157.51787556989967,157.47637391253693,157.39749174038909,157.16795499135478
2025-01-02 22:30:00,1735857000,157.444,157.454,157.43,157.448,130,38,0,157.50234766547752,157.47232049646024,157.4020834003537,157.17074150885375
2025-01-02 23:00:00,1735858800,157.459,157.539,157.447,157.538,431,9,0,157.5102704064825,157.48170328268023,157.414439454867,157.17439582219848
2025-01-02 23:30:00,1735860600,157.538,157.561,157.346,157.353,562,9,0,157.47532142726416,157.4633170994402,157.40885404987907,157.1761729781965
2025-01-03 00:00:00,1735862400,157.355,157.367,157.266,157.332,1189,9,0,157.44347222120547,157.44455751380588,157.40186731807188,157.1777234958264
2025-01-03 00:30:00,1735864200,157.332,157.398,157.174,157.213,1287,9,0,157.3922561720487,157.41147786897648,157.38469756188354,157.1780745058182
2025-01-03 01:00:00,1735866000,157.21,157.357,157.183,157.341,1174,9,0,157.38086591159342,157.40140960197982,157.38072505625777,157.17969565501403
2025-01-03 01:30:00,1735867800,157.342,157.402,157.262,157.28,770,9,0,157.35845126457266,157.38406537312557,157.3715682329616,157.180693708198
2025-01-03 02:00:00,1735869600,157.281,157.357,157.256,157.303,924,9,0,157.34612876133428,157.37248460553621,157.36533475723783,157.18191068622588
2025-01-03 02:30:00,1735871400,157.303,157.348,157.245,157.31,878,9,0,157.33810014770444,157.36355823331678,157.36030432476167,157.18318520676095
2025-01-03 03:00:00,1735873200,157.309,157.385,157.256,157.367,757,9,0,157.34452233710346,157.36404991427153,157.3609130225106,157.18501420967877
2025-01-03 03:30:00,1735875000,157.367,157.458,157.181,157.305,1175,9,0,157.3357395955249,157.35561421223275,157.3558300204642,157.18620809813967
2025-01-03 04:00:00,1735876800,157.305,157.386,157.245,157.369,1049,9,0,157.34313079651938,157.35752646762808,157.3570272913311,157.18802692303382
2025-01-03 04:30:00,1735878600,157.368,157.374,157.271,157.279,656,9,0,157.32887950840396,157.34630840082409,157.34993390121008,157.18893212777976
2025-01-03 05:00:00,1735880400,157.28,157.354,157.236,157.285,805,9,0,157.3191285065364,157.33755005784923,157.3440308192819,157.18988802700585
2025-01-03 05:30:00,1735882200,157.286,157.316,157.258,157.296,679,9,0,157.3139888384172,157.33161433529935,157.33966438116533,157.19094386753315
2025-01-03 06:00:00,1735884000,157.293,157.293,157.233,157.253,616,9,0,157.3004357632134,157.32038371597088,157.3317858010594,157.19156134148804
2025-01-03 06:30:00,1735885800,157.253,157.273,157.125,157.17,656,9,0,157.27145003805487,157.29890032797505,157.31707800096308,157.19134680077673
2025-01-03 07:00:00,1735887600,157.167,157.228,157.035,157.218,1861,9,0,157.25957225182043,157.28734313826433,157.30807090996643,157.19161200673915
2025-01-03 07:30:00,1735889400,157.219,157.264,157.076,157.134,1456,9,0,157.23166730697145,157.26543697565515,157.29224628178764,157.19103875294076
2025-01-03 08:00:00,1735891200,157.131,157.372,157.124,157.308,1750,9,0,157.24863012764445,157.2715174077044,157.29367843798875,157.19220254644384
2025-01-03 08:30:00,1735893000,157.308,157.421,157.274,157.325,1245,9,0,157.26560121039012,157.27915777803236,157.29652585271705,157.1935239141409
2025-01-03 09:00:00,1735894800,157.323,157.332,157.088,157.221,1658,9,0,157.25568983030342,157.27084952402777,157.2896598661064,157.19379730803007
2025-01-03 09:30:00,1735896600,157.222,157.276,157.163,157.249,1358,9,0,157.2542032013471,157.26772816345238,157.2859635146422,157.19434658854718
2025-01-03 10:00:00,1735898400,157.248,157.278,157.162,157.27,1054,9,0,157.25771360104775,157.2680527115306,157.28451228603836,157.19509935881038
2025-01-03 10:30:00,1735900200,157.268,157.38,157.251,157.37,1048,9,0,157.28266613414826,157.28261660988338,157.29228389639852,157.19683966369786
2025-01-03 11:00:00,1735902000,157.37,157.387,157.225,157.261,1016,9,0,157.27785143767088,157.2795285227572,157.2894399058168,157.19747807500437
2025-01-03 11:30:00,1735903800,157.261,157.274,157.219,157.237,502,9,0,157.2687733404107,157.27345301950618,157.28467264165164,157.19787132798942
2025-01-03 12:30:00,1735907400,157.152,157.194,157.091,157.162,522,9,0,157.24504593143052,157.25753115957673,157.27352058331968,157.1975143993527
2025-01-03 13:00:00,1735909200,157.163,157.227,157.018,157.172,1608,9,0,157.22881350222374,157.24531242249435,157.26429143938154,157.1972605247323
2025-01-03 13:30:00,1735911000,157.172,157.237,157.099,157.18,1348,9,0,157.21796605728514,157.23598207642374,157.25662858125594,157.19708877821753
2025-01-03 14:00:00,1735912800,157.181,157.293,157.168,157.267,1637,9,0,157.22886248899954,157.2404132083632,157.2575714375054,157.19778441226515
2025-01-03 14:30:00,1735914600,157.263,157.309,157.117,157.144,1922,9,0,157.21000415811076,157.22663989288276,157.24724676136853,157.19724924398392
2025-01-03 15:00:00,1735916400,157.15,157.455,157.147,157.421,3144,9,0,157.25689212297505,157.25440562247093,157.26304251033503,157.19947561966566
2025-01-03 15:30:00,1735918200,157.42,157.491,157.365,157.391,2294,9,0,157.28669387342504,157.27391910497508,157.27467500939548,157.2013813348929
2025-01-03 16:00:00,1735920000,157.394,157.4,157.311,157.344,1499,9,0,157.29942856821947,157.28393066140723,157.2809772812686,157.202800426088
2025-01-03 16:30:00,1735921800,157.344,157.347,157.196,157.202,1137,9,0,157.2777777752818,157.2722262812062,157.273797528426,157.20279246164932
2025-01-03 17:00:00,1735923600,157.2,157.208,156.867,156.947,2048,9,0,157.20427160299695,157.22576538389103,157.24408866220546,157.20024726302597
2025-01-03 17:30:00,1735925400,156.947,157.175,156.931,157.164,1328,9,0,157.1953223578865,157.2169417576209,157.23680787473222,157.19988659374212
2025-01-03 18:00:00,1735927200,157.162,157.238,157.127,157.141,893,9,0,157.1832507228006,157.20609293510364,157.2280980679384,157.199300657486
2025-01-03 18:30:00,1735929000,157.144,157.198,157.103,157.164,716,9,0,157.17897278440046,157.20007965866026,157.22227097085306,157.19894940716276
2025-01-03 19:00:00,1735930800,157.164,157.191,157.105,157.116,699,9,0,157.16497883231148,157.18806827885166,157.2126099735028,157.19812403992734
2025-01-03 19:30:00,1735932600,157.117,157.224,157.102,157.201,607,9,0,157.17298353624224,157.18991566758714,157.21155452136617,157.19815265644547
2025-01-03 20:00:00,1735934400,157.2,157.238,157.137,157.162,634,9,0,157.17054275041062,157.18592771507468,157.20704956487833,157.19779292852064
2025-01-03 20:30:00,1735936200,157.162,157.348,157.138,157.333,791,9,0,157.20664436143048,157.2069380414926,157.21849960443484,157.19913827251546
2025-01-03 21:00:00,1735938000,157.309,157.361,157.268,157.336,456,9,0,157.23539005889037,157.2253754641365,157.22918145857713,157.20050008074915
2025-01-03 21:30:00,1735939800,157.335,157.372,157.239,157.302,523,9,0,157.25019226802584,157.23632182640273,157.2358013259792,157.20151003019444
2025-01-05 22:00:00,1736114400,157.152,157.2,157.085,157.13,133,69,0,157.2234828751312,157.2211329940595,157.22618302361744,157.20079848760545
2025-01-05 22:30:00,1736116200,157.139,157.277,157.085,157.275,379,38,0,157.23493112510204,157.22882828062245,157.23062093056132,157.20153681111185
2025-01-05 23:00:00,1736118000,157.334,157.514,157.321,157.429,888,9,0,157.27805754174602,157.25742424053354,157.24865539141936,157.20380012642417
2025-01-05 23:30:00,1736119800,157.429,157.524,157.399,157.498,687,9,0,157.32693364358025,157.2917922061716,157.2713230831085,157.2067274883503
2025-01-06 00:00:00,1736121600,157.505,157.755,157.499,157.724,2057,9,0,157.41517061167355,157.35353617671853,157.31247553009865,157.211874478516
2025-01-06 00:30:00,1736123400,157.723,157.825,157.516,157.588,2620,9,0,157.45357714241277,157.38703100861588,157.3375232091806,157.21561702101832
2025-01-06 01:00:00,1736125200,157.588,157.65,157.485,157.599,1617,9,0,157.4858933329877,157.41731229309931,157.36129382652783,157.2194317770281
2025-01-06 01:30:00,1736127000,157.599,157.668,157.556,157.616,1136,9,0,157.5148059256571,157.44569625122801,157.3844489332071,157.22337772949547
2025-01-06 02:00:00,1736128800,157.618,157.688,157.564,157.656,1238,9,0,157.5461823866222,157.47573964390975,157.4091353938246,157.22768242870447
2025-01-06 02:30:00,1736130600,157.656,157.774,157.655,157.717,1310,9,0,157.58414185626174,157.51020540906552,157.4371230852951,157.23255126025964
2025-01-06 03:00:00,1736132400,157.716,157.75,157.652,157.68,1176,9,0,157.60544366598134,157.53446177919903,157.45920280481374,157.23700348652574
2025-01-06 03:30:00,1736134200,157.678,157.781,157.657,157.711,1173,9,0,157.6289006290966,157.55968152502777,157.48209345892158,157.2417198697444
2025-01-06 04:00:00,1736136000,157.711,157.749,157.654,157.712,981,9,0,157.64736715596402,157.58144130716664,157.50299405356506,157.24639927402555
2025-01-06 04:30:00,1736137800,157.712,157.731,157.677,157.714,693,9,0,157.6621744546387,157.6003782632857,157.52217641233187,157.25105201756762
2025-01-06 05:00:00,1736139600,157.714,157.804,157.67,157.778,1032,9,0,157.68791346471897,157.62575279710205,157.54543310211986,157.25629528107442
2025-01-06 05:30:00,1736141400,157.776,157.795,157.724,157.777,797,9,0,157.7077104725592,157.6473595403732,157.56648463829077,157.26147642255626
2025-01-06 06:00:00,1736143200,157.777,157.79,157.652,157.685,1018,9,0,157.70266370087938,157.65273674889133,157.57725876208252,157.26569058750596
2025-01-06 06:30:00,1736145000,157.683,157.714,157.627,157.648,1175,9,0,157.69051621179509,157.65206007047829,157.58368978371138,157.26949466126212
2025-01-06 07:00:00,1736146800,157.646,157.652,157.551,157.559,1070,9,0,157.66129038695172,157.63876577469568,157.58144525791946,157.2723753113988
2025-01-06 07:30:00,1736148600,157.559,157.694,157.527,157.659,1208,9,0,157.66078141207356,157.64165637831059,157.5884956890177,157.2762223232257
2025-01-06 08:00:00,1736150400,157.66,157.763,157.615,157.705,1574,9,0,157.6706077649461,157.65070546712337,157.59908699001608,157.28048876777075
2025-01-06 08:30:00,1736152200,157.704,157.764,157.637,157.661,1410,9,0,157.6684727060692,157.6521761146772,157.60471544546914,157.28427494918597
2025-01-06 09:00:00,1736154000,157.662,157.736,157.584,157.689,1593,9,0,157.6730343269427,157.6574366697233,157.61237767769921,157.28830206411945
2025-01-06 09:30:00,1736155800,157.689,157.763,157.66,157.732,942,9,0,157.68613780984433,157.66808857404854,157.623252434272,157.2927169689541
2025-01-06 10:00:00,1736157600,157.735,157.871,157.682,157.856,1044,9,0,157.72388496321224,157.69493306347016,157.64441130388363,157.29832177523318
2025-01-06 10:30:00,1736159400,157.857,157.913,157.828,157.899,1087,9,0,157.76279941583175,157.72408548297443,157.66755573080331,157.30429867299205
2025-01-06 11:00:00,1736161200,157.902,157.959,157.334,157.351,4269,9,0,157.67128843453582,157.67078755683525,157.63877793709392,157.30476336281302
2025-01-06 11:30:00,1736163000,157.351,157.426,157.16,157.198,4735,9,0,157.5661132268612,157.60324647728734,157.59870721553992,157.30370104079498
2025-01-06 12:00:00,1736164800,157.2,157.208,156.832,157.023,3881,9,0,157.44542139866982,157.52035412338915,157.54637019594537,157.30090799561293
2025-01-06 12:30:00,1736166600,157.021,157.119,156.615,156.782,3944,9,0,157.29799442118764,157.414874962905,157.47688199631398,157.295744731975
2025-01-06 13:00:00,1736168400,156.784,156.812,156.238,156.301,4617,9,0,157.07644010536816,157.2557499682043,157.36998363301268,157.28584677444292
2025-01-06 13:30:00,1736170200,156.301,156.723,156.29,156.612,4016,9,0,156.97323119306412,157.16378568703226,157.30107603001153,157.27914183141365
2025-01-06 14:00:00,1736172000,156.612,157.355,156.464,157.173,9300,9,0,157.0176242612721,157.1651020174562,157.28943275455595,157.27808569378766
2025-01-06 14:30:00,1736173800,157.172,157.418,157.098,157.285,4886,9,0,157.0770410921005,157.18223030067676,157.28902977686906,157.27815449285447
2025-01-06 15:00:00,1736175600,157.288,157.605,157.198,157.564,3926,9,0,157.1852541827448,157.23676882915152,157.31402706988098,157.28099872675642
2025-01-06 15:30:00,1736177400,157.563,157.655,157.473,157.533,2891,9,0,157.26253103102374,157.27908756784416,157.33393369989182,157.28350620211208
2025-01-06 16:00:00,1736179200,157.529,157.546,157.386,157.388,2104,9,0,157.29041302412958,157.2946464867236,157.33884881808345,157.28454594139455
2025-01-06 16:30:00,1736181000,157.386,157.609,157.345,157.542,1995,9,0,157.34632124098965,157.32998270290594,157.3573171073486,157.287107673321
2025-01-06 17:00:00,1736182800,157.541,157.571,157.494,157.523,1260,9,0,157.3855831874364,157.3575566024908,157.3723791884987,157.28945486065115
2025-01-06 17:30:00,1736184600,157.523,157.599,157.463,157.507,1206,9,0,157.41256470133942,157.37890565927785,157.38461744408974,157.29161948890336
2025-01-06 18:00:00,1736186400,157.508,157.669,157.433,157.449,1400,9,0,157.42066143437512,157.3889191365239,157.39047040371793,157.2931854641382
2025-01-06 18:30:00,1736188200,157.449,157.552,157.427,157.531,1214,9,0,157.4451811156251,157.40921640273478,157.40324582156174,157.29555177792787
2025-01-06 19:00:00,1736190000,157.533,157.587,157.476,157.528,1162,9,0,157.46358531215287,157.4261854880584,157.41458711051067,157.29786469556043
2025-01-06 19:30:00,1736191800,157.528,157.571,157.472,157.541,909,9,0,157.4807885761189,157.4425875611929,157.42607919137333,157.30028395232102
2025-01-06 20:00:00,1736193600,157.538,157.593,157.487,157.579,880,9,0,157.50261333698137,157.46207505245107,157.43998108306667,157.3030572463278
2025-01-06 20:30:00,1736195400,157.581,157.638,157.577,157.622,825,9,0,157.52914370654105,157.4849214735295,157.45652825733333,157.30623080606583
2025-01-06 21:00:00,1736197200,157.611,157.653,157.575,157.589,422,9,0,157.5424451050875,157.49978983445388,157.46857114303032,157.3090444298861
2025-01-06 21:30:00,1736199000,157.59,157.64,157.58,157.614,503,9,0,157.55834619284582,157.51610557238905,157.48179194820938,157.3120788136683
2025-01-06 22:00:00,1736200800,157.598,157.619,157.392,157.555,162,38,0,157.55760259443565,157.52166191919062,157.48844722564488,157.31449593990047
2025-01-06 22:30:00,1736202600,157.56,157.604,157.478,157.593,197,38,0,157.56546868456107,157.53185307359195,157.49795202331353,157.31726712457808
2025-01-06 23:00:00,1736204400,157.611,157.791,157.601,157.77,561,9,0,157.61092008799193,157.5658740630788,157.52268365755776,157.32177192930865
2025-01-06 23:30:00,1736206200,157.77,157.8,157.709,157.733,622,9,0,157.63804895732707,157.58974919692469,157.5418033250525,157.32586375090756
2025-01-07 00:00:00,1736208000,157.736,158.154,157.732,158.133,2830,9,0,157.74803807792105,157.66735645450686,157.59554847732045,157.3338949573662
2025-01-07 00:30:00,1736209800,158.134,158.221,157.972,158.1,3571,9,0,157.82625183838303,157.7291626752916,157.64140770665495,157.3415178931138
2025-01-07 01:00:00,1736211600,158.098,158.323,158.038,158.295,2583,9,0,157.93041809652013,157.80999657882137,157.7008251878681,157.35100527726192
2025-01-07 01:30:00,1736213400,158.295,158.412,158.246,158.307,1782,9,0,158.0141029639601,157.88099706756117,157.75593198897099,157.36051766256278
2025-01-07 02:00:00,1736215200,158.308,158.315,158.139,158.267,1472,9,0,158.0703023053023,157.93614034362386,157.80239271724633,157.36953738731341
2025-01-07 02:30:00,1736217000,158.267,158.315,158.23,158.275,1120,9,0,158.11579068190179,157.98454886596332,157.84535701567847,157.3785469655491
2025-01-07 03:00:00,1736218800,158.275,158.305,158.172,158.196,1102,9,0,158.1336149748125,158.0147561708257,157.8772336506168,157.38668082658842
2025-01-07 03:30:00,1736220600,158.196,158.238,158.085,158.12,1012,9,0,158.13058942485418,158.02979100356492,157.89930331874254,157.39397753478156
2025-01-07 04:00:00,1736222400,158.12,158.153,158.037,158.06,1054,9,0,158.1149028859977,158.0341065744842,157.91391210794777,157.4006046239877
2025-01-07 04:30:00,1736224200,158.059,158.092,158.013,158.08,967,9,0,158.10714668910933,158.04066277812933,157.92901100722523,157.40736477698286
2025-01-07 05:00:00,1736226000,158.081,158.151,157.965,158.006,1244,9,0,158.08466964708504,158.03571095268228,157.93601000656838,157.4133213463661
2025-01-07 05:30:00,1736227800,158.006,158.008,157.783,157.858,1538,9,0,158.03429861439946,158.01032367372767,157.92891818778944,157.41774600958635
2025-01-07 06:00:00,1736229600,157.859,157.862,157.677,157.785,1602,9,0,157.9788989223107,157.97813457748086,157.9158347161722,157.42140027814767
2025-01-07 06:30:00,1736231400,157.788,157.845,157.681,157.755,1645,9,0,157.92914360624164,157.9462582092693,157.90121337833838,157.4247196783651
2025-01-07 07:00:00,1736233200,157.754,157.793,157.545,157.611,2581,9,0,157.8584450270768,157.8983641793737,157.87483034394398,157.42657321390377
2025-01-07 07:30:00,1736235000,157.614,157.623,157.453,157.492,2532,9,0,157.77701279883752,157.84031215374887,157.84002758540362,157.42722422670076
2025-01-07 08:00:00,1736236800,157.494,157.599,157.397,157.515,3124,9,0,157.71878773242918,157.7938389889276,157.81047962309418,157.42809761747986
2025-01-07 08:30:00,1736238600,157.516,157.601,157.399,157.425,2048,9,0,157.65350156966713,157.74114770479508,157.7754360209947,157.4280667954154
2025-01-07 09:00:00,1736240400,157.424,157.64,157.362,157.602,1908,9,0,157.64205677640777,157.72126946125294,157.75966910999517,157.42979747406798
2025-01-07 09:30:00,1736242200,157.602,157.683,157.495,157.601,1517,9,0,157.63293304831717,157.7040881096454,157.74524464545016,157.4315009817887
2025-01-07 10:00:00,1736244000,157.604,157.715,157.558,157.698,1680,9,0,157.64739237091334,157.70321837969607,157.74094967768195,157.4341527133132
2025-01-07 10:30:00,1736245800,157.698,157.781,157.682,157.742,1348,9,0,157.66841628848815,157.70875861116804,157.74104516152903,157.43721587039468
2025-01-07 11:00:00,1736247600,157.742,157.848,157.717,157.805,1234,9,0,157.69876822437968,157.72250738100118,157.74685923775365,157.44087541397286
2025-01-07 11:30:00,1736249400,157.805,157.816,157.618,157.712,1289,9,0,157.70170861896196,157.72100632657242,157.74369021613967,157.44357317104775
2025-01-07 12:00:00,1736251200,157.711,157.846,157.68,157.781,1168,9,0,157.71932892585932,157.7295768513478,157.74708201467243,157.44693065193286
2025-01-07 12:30:00,1736253000,157.782,157.825,157.695,157.74,1437,9,0,157.72392249789058,157.73106587258383,157.74643819515674,157.44984676484896
2025-01-07 13:00:00,1736254800,157.74,157.74,157.578,157.652,1821,9,0,157.70793972058158,157.71977074792898,157.73785290468794,157.45185823982558
2025-01-07 13:30:00,1736256600,157.654,157.778,157.626,157.669,1707,9,0,157.69928644934123,157.71251778393915,157.7315935497163,157.4540188543547
2025-01-07 14:00:00,1736258400,157.665,157.731,157.531,157.711,1881,9,0,157.70188946059875,157.71230095766214,157.729721408833,157.45657588067954
2025-01-07 14:30:00,1736260200,157.708,157.834,157.639,157.753,2117,9,0,157.71324735824345,157.71811510656755,157.73183764439364,157.45952537440414
2025-01-07 15:00:00,1736262000,157.751,158.425,157.751,158.172,5142,9,0,157.8151923897449,157.78295580562934,157.77185240399422,157.46661467416132
2025-01-07 15:30:00,1736263800,158.169,158.216,157.875,157.942,4821,9,0,157.8433718586905,157.80567640482516,157.78732036726745,157.4713448764085
2025-01-07 16:00:00,1736265600,157.938,158.04,157.834,158.001,3565,9,0,157.87840033453705,157.83357977556443,157.80674578842493,157.47661507664324
2025-01-07 16:30:00,1736267400,158.003,158.026,157.616,157.831,5391,9,0,157.86786692686215,157.8332112361981,157.80895071674993,157.4801412947861
2025-01-07 17:00:00,1736269200,157.828,157.85,157.692,157.768,2626,9,0,157.84567427644834,157.82389534531268,157.8052279243181,157.48300556050964
2025-01-07 17:30:00,1736271000,157.765,157.765,157.621,157.692,2017,9,0,157.8115244372376,157.80505315312516,157.7949344766528,157.48508510717124
2025-01-07 18:00:00,1736272800,157.694,157.78,157.583,157.682,1972,9,0,157.78274122896258,157.78747413125012,157.784667706048,157.4870444593387
2025-01-07 18:30:00,1736274600,157.684,157.912,157.681,157.837,1444,9,0,157.79479873363755,157.79454925535725,157.78942518731637,157.4905266040219
2025-01-07 19:00:00,1736276400,157.838,157.866,157.768,157.779,1127,9,0,157.79128790394032,157.79232793316336,157.78847744301487,157.49339698607147
2025-01-07 19:30:00,1736278200,157.778,157.829,157.754,157.777,994,9,0,157.7881128141758,157.79013822842575,157.78743403910443,157.49621890660808
2025-01-07 20:00:00,1736280000,157.776,157.781,157.736,157.757,872,9,0,157.78119885547005,157.7854041957935,157.78466730827677,157.49881374335826
2025-01-07 20:30:00,1736281800,157.757,157.869,157.754,157.867,887,9,0,157.8002657764767,157.79706073925158,157.79215209843343,157.50247728820048
2025-01-07 21:00:00,1736283600,157.843,157.98,157.843,157.958,537,9,0,157.83531782614853,157.82005206221567,157.80722918039402,157.50700985249702
2025-01-07 21:30:00,1736285400,157.958,158.088,157.958,158.025,483,9,0,157.87746942033775,157.84933033904198,157.82702652763092,157.51216398331795
2025-01-07 22:00:00,1736287200,157.967,158.021,157.911,157.934,275,38,0,157.8900317713738,157.86142600489313,157.83675138875537,157.51636135661826
2025-01-07 22:30:00,1736289000,157.952,158.036,157.948,158.01,335,38,0,157.91669137773516,157.88265086133697,157.8525012625049,157.5212731839156
2025-01-07 23:00:00,1736290800,158.034,158.214,158.031,158.151,908,9,0,157.9687599604607,157.92098645257454,157.8796375113681,157.5275391223841
2025-01-07 23:30:00,1736292600,158.151,158.233,158.112,158.209,905,9,0,158.02214663591386,157.96213124506392,157.90957955578915,157.53431982763402
2025-01-08 00:00:00,1736294400,158.227,158.231,157.931,157.961,2012,9,0,158.00855849459967,157.96196963862621,157.9142541416265,157.53856540148843
2025-01-08 00:30:00,1736296200,157.961,158.174,157.901,158.163,2359,9,0,158.0428788291331,157.99068826167962,157.93686740147862,157.54477868107563
2025-01-08 01:00:00,1736298000,158.165,158.17,157.978,157.983,1564,9,0,158.02957242265907,157.98958993858253,157.94106127407147,157.5491390922092
2025-01-08 01:30:00,1736299800,157.984,158.063,157.93,157.966,1023,9,0,158.01544521762372,157.98621994735646,157.94332843097405,157.55328696193848
2025-01-08 02:00:00,1736301600,157.965,158.054,157.931,158.031,971,9,0,158.01890183592957,157.9926170977341,157.95129857361277,157.5580403255013
2025-01-08 02:30:00,1736303400,158.031,158.137,158.007,158.097,867,9,0,158.03625698350078,158.00752894091494,157.9645441578298,157.56340310833215
2025-01-08 03:00:00,1736305200,158.097,158.203,158.072,158.197,772,9,0,158.07197765383393,158.03459623506996,157.985676507118,157.56970755501544
2025-01-08 03:30:00,1736307000,158.195,158.212,158.154,158.195,917,9,0,158.09931595298195,158.0575110586314,158.0047059155618,157.57592937038842
2025-01-08 04:00:00,1736308800,158.197,158.257,158.158,158.195,618,9,0,158.12057907454152,158.07715233596977,158.02200537778344,157.58208927715071
2025-01-08 04:30:00,1736310600,158.195,158.257,158.17,158.222,666,9,0,158.14311705797675,158.09784485940264,158.04018670707586,157.58845654802485
2025-01-08 05:00:00,1736312400,158.222,158.262,158.126,158.126,749,9,0,158.13931326731526,158.10186702234512,158.04798791552352,157.59380523908928
2025-01-08 05:30:00,1736314200,158.125,158.178,158.094,158.171,929,9,0,158.14635476346743,158.1117431620101,158.05917083229411,157.59954847054115
2025-01-08 06:00:00,1736316000,158.169,158.171,158.029,158.059,999,9,0,158.126942593808,158.1042084245801,158.05915530208554,157.60412012755071
2025-01-08 06:30:00,1736317800,158.062,158.079,157.989,158.048,968,9,0,158.109399795184,158.09617864964008,158.05814118371413,157.60853684269946
2025-01-08 07:00:00,1736319600,158.048,158.048,157.922,157.934,1711,9,0,158.0704220629209,158.0730102711201,158.0468556215583,157.6117752820756
2025-01-08 07:30:00,1736321400,157.937,158.131,157.934,158.109,1644,9,0,158.07899493782736,158.0781516609601,158.05250511050755,157.6167227917067
2025-01-08 08:00:00,1736323200,158.112,158.213,158.093,158.198,1628,9,0,158.10544050719906,158.09527285225153,158.06573191864322,157.62250664452554
2025-01-08 08:30:00,1736325000,158.198,158.282,158.16,158.24,1452,9,0,158.13534261671037,158.11594815907273,158.08157447149384,157.62865085701782
2025-01-08 09:00:00,1736326800,158.242,158.245,158.051,158.145,1473,9,0,158.13748870188584,158.12009842206234,158.08734042863077,157.63378865943557
2025-01-08 09:30:00,1736328600,158.147,158.185,158.091,158.159,1080,9,0,158.14226899035566,158.12565579033915,158.09385493511886,157.63901464292377
2025-01-08 10:00:00,1736330400,158.159,158.25,158.145,158.241,947,9,0,158.16420921472107,158.1421335345764,158.10723175919895,157.6450045469743
2025-01-08 10:30:00,1736332200,158.241,158.346,158.226,158.32,1386,9,0,158.1988293892275,158.16754302963693,158.1265743265445,157.6517209196412
2025-01-08 11:00:00,1736334000,158.322,158.45,158.312,158.443,1298,9,0,158.25308952495473,158.2068940254031,158.1553402968586,157.65959434332638
2025-01-08 11:30:00,1736335800,158.444,158.551,158.346,158.37,2646,9,0,158.27906963052035,158.23019487891696,158.174854815326,157.6666630563281
2025-01-08 12:00:00,1736337600,158.372,158.499,158.348,158.444,1570,9,0,158.31572082373805,158.2607384676431,158.19932255938727,157.67439775228505
2025-01-08 12:30:00,1736339400,158.444,158.546,158.433,158.502,1876,9,0,158.35711619624072,158.29520440083695,158.22683869035205,157.682632600521
2025-01-08 13:00:00,1736341200,158.503,158.503,158.182,158.334,4053,9,0,158.3519792637428,158.30074662928882,158.2365806275928,157.68911386817751
2025-01-08 13:30:00,1736343000,158.328,158.373,158.175,158.218,3616,9,0,158.32220609402216,158.28892568224757,158.23489147962982,157.69437641675287
2025-01-08 14:00:00,1736344800,158.215,158.43,158.142,158.412,2754,9,0,158.34216029535057,158.3065077276408,158.2509922542089,157.70151694991952
2025-01-08 14:30:00,1736346600,158.412,158.461,158.296,158.347,2269,9,0,158.34323578527267,158.31229233797785,158.259720231099,157.70793966683576
2025-01-08 15:00:00,1736348400,158.347,158.375,158.216,158.336,2067,9,0,158.34162783298984,158.3156791468382,158.26665475554455,157.71418902338465
2025-01-08 15:30:00,1736350200,158.336,158.418,158.292,158.369,2198,9,0,158.34771053676988,158.3232964115756,158.27595886867687,157.7207045554903
2025-01-08 16:00:00,1736352000,158.371,158.439,158.287,158.361,1694,9,0,158.350663750821,158.32868263849338,158.28368988061533,157.72707565444065
2025-01-08 16:30:00,1736353800,158.361,158.415,158.292,158.317,1520,9,0,158.34318291730523,158.3270136901372,158.28671807328666,157.73294554842633
2025-01-08 17:00:00,1736355600,158.315,158.436,158.306,158.391,1227,9,0,158.35380893568185,158.33615459154618,158.29619824844244,157.73949335391464
2025-01-08 17:30:00,1736357400,158.389,158.493,158.378,158.39,1329,9,0,158.3618513944192,158.34384679275385,158.3047256804022,157.74596605686077
2025-01-08 18:00:00,1736359200,158.39,158.448,158.269,158.403,1708,9,0,158.3709955289927,158.35229725093188,158.31365970945654,157.75250370803627
2025-01-08 18:30:00,1736361000,158.402,158.496,158.362,158.49,952,9,0,158.39744096699434,158.37196907222733,158.3296906449605,157.75984197959812
2025-01-08 19:00:00,1736362800,158.476,158.484,158.351,158.364,1264,9,0,158.3900096409956,158.37083063333773,158.3328096772368,157.76585350218917
2025-01-08 19:30:00,1736364600,158.365,158.492,158.363,158.464,1189,9,0,158.40645194299657,158.3841405428609,158.34473607021528,157.77280023351068
2025-01-08 20:00:00,1736366400,158.461,158.461,158.37,158.419,973,9,0,158.40924040010844,158.38912046530936,158.35148733655933,157.77923008193346
2025-01-08 20:30:00,1736368200,158.421,158.422,158.327,158.355,873,9,0,158.39718697786213,158.38424611312232,158.3518066695994,157.7849591358446
2025-01-08 21:00:00,1736370000,158.354,158.395,158.347,158.375,382,9,0,158.39225653833722,158.38292523981914,158.35391515418127,157.79083018921926
2025-01-08 21:30:00,1736371800,158.375,158.426,158.15,158.157,459,9,0,158.33997730759563,158.35065020555928,158.33601377652843,157.79447366992355
2025-01-08 22:00:00,1736373600,158.134,158.264,158.031,158.225,357,38,0,158.3144267947966,158.33270017619367,158.32592161502583,157.7987575140039
2025-01-08 22:30:00,1736375400,158.204,158.276,158.186,158.27,319,38,0,158.30455417373068,158.323743008166,158.32083783184166,157.8034464939641
2025-01-08 23:00:00,1736377200,158.295,158.394,158.287,158.344,543,9,0,158.31331991290165,158.32663686414227,158.32294348349242,157.8088251358152
2025-01-08 23:30:00,1736379000,158.344,158.344,158.174,158.188,821,9,0,158.28547104336795,158.30683159783624,158.31067589408403,157.81259802003595
2025-01-09 00:00:00,1736380800,158.192,158.219,158.098,158.19,1415,9,0,158.26425525595283,158.29014136957392,158.2997053582582,157.81635326361769
2025-01-09 00:30:00,1736382600,158.191,158.322,158.188,158.262,1836,9,0,158.26375408796332,158.28612117392052,158.29627759841654,157.8207875595021
2025-01-09 01:00:00,1736384400,158.262,158.287,158.102,158.143,1391,9,0,158.2369198461937,158.2656752919319,158.28234327128774,157.8239936534374
2025-01-09 01:30:00,1736386200,158.143,158.152,158.068,158.105,1141,9,0,158.20760432481734,158.24272167879877,158.26622115571612,157.8267897364878
2025-01-09 02:00:00,1736388000,158.103,158.134,157.987,158.076,1171,9,0,158.17835891930238,158.21890429611324,158.2489283233783,157.82926944060233
2025-01-09 02:30:00,1736389800,158.075,158.12,158.037,158.086,699,9,0,158.15783471501297,158.19991796809705,158.23411665761662,157.83182397353167
2025-01-09 03:00:00,1736391600,158.086,158.09,157.913,157.94,1021,9,0,158.10942700056563,158.16278682979748,158.20737877965146,157.8329003519045
2025-01-09 03:30:00,1736393400,157.943,158.009,157.91,157.971,979,9,0,158.0786654448844,158.135388711255,158.18588979968314,157.83427447775622
2025-01-09 04:00:00,1736395200,157.971,157.974,157.758,157.809,1279,9,0,158.01873979046565,158.08876175250427,158.15162709062102,157.83402299041538
2025-01-09 04:30:00,1736397000,157.809,157.953,157.801,157.923,1033,9,0,157.99746428147327,158.0650815021465,158.13084280965546,157.83490833379435
2025-01-09 05:00:00,1736398800,157.924,158.135,157.888,158.063,1699,9,0,158.0120277744792,158.06478414469703,158.12467528150495,157.83717790261232
2025-01-09 05:30:00,1736400600,158.063,158.143,158.032,158.056,1203,9,0,158.0217993801505,158.06352926688317,158.1184320740954,157.83935523691468
2025-01-09 06:00:00,1736402400,158.056,158.195,158.029,158.142,1336,9,0,158.04851062900593,158.07473937161416,158.120574612814,157.84236662759216
2025-01-09 06:30:00,1736404200,158.144,158.184,158.103,158.142,1217,9,0,158.0692860447824,158.08434803281216,158.12252237528546,157.8453480541833
2025-01-09 07:00:00,1736406000,158.144,158.194,158.054,158.117,1580,9,0,158.07988914594188,158.08901259955329,158.1220203411686,157.84805105861926
2025-01-09 07:30:00,1736407800,158.117,158.199,158.022,158.189,1522,9,0,158.10413600239923,158.10329651390282,158.12810940106235,157.85144358539918
2025-01-09 08:00:00,1736409600,158.187,158.281,158.063,158.116,2065,9,0,158.10677244631052,158.105111297631,158.1270085464203,157.85407598753451
2025-01-09 08:30:00,1736411400,158.116,158.171,158.057,158.127,1684,9,0,158.1112674582415,158.10823825511227,158.127007769473,157.8567916493501
2025-01-09 09:00:00,1736413200,158.13,158.174,158.054,158.085,1459,9,0,158.10543024529895,158.10491850438194,158.1231888813391,157.85906237920733
2025-01-09 09:30:00,1736415000,158.084,158.114,158.007,158.079,1174,9,0,158.09955685745473,158.1012158608988,158.11917171030828,157.86125081324508
2025-01-09 10:00:00,1736416800,158.08,158.097,157.951,157.98,1016,9,0,158.07298866690923,158.08389930934183,158.1065197366439,157.8624323971929
2025-01-09 10:30:00,1736418600,157.979,158.09,157.978,157.993,1164,9,0,158.05521340759606,158.0709136937216,158.09619976058534,157.86373157732032
2025-01-09 11:00:00,1736420400,157.992,158.022,157.92,157.949,903,9,0,158.03161042813028,158.05349745176136,158.0828179641685,157.86458001933704
2025-01-09 11:30:00,1736422200,157.949,157.973,157.818,157.902,1343,9,0,158.002808110768,158.03185495865262,158.06637996742592,157.8649523574531
2025-01-09 12:00:00,1736424000,157.903,157.926,157.648,157.745,1687,9,0,157.94551741948624,157.9908756788451,158.03716360675082,157.86375880165755
2025-01-09 12:30:00,1736425800,157.743,157.771,157.662,157.744,1369,9,0,157.90073577071152,157.95560772472436,158.01051236977347,157.86256717179032
2025-01-09 13:00:00,1736427600,157.744,157.844,157.667,157.731,1776,9,0,157.8630167105534,157.9235209069066,157.98510215433953,157.86125804570287
2025-01-09 13:30:00,1736429400,157.73,157.732,157.57,157.655,2004,9,0,157.81679077487487,157.88516077734852,157.95509286758139,157.85920572684014
2025-01-09 14:00:00,1736431200,157.655,157.82,157.649,157.802,1548,9,0,157.8135039360138,157.87328066629874,157.9411753341649,157.8586365156278
2025-01-09 14:30:00,1736433000,157.801,157.861,157.735,157.819,1342,9,0,157.8147252835663,157.86552628539894,157.93006848560444,157.85824212243747
2025-01-09 15:00:00,1736434800,157.819,157.913,157.811,157.863,1309,9,0,157.82545299832935,157.8651653874848,157.9239713505495,157.85828946450277
2025-01-09 15:30:00,1736436600,157.866,157.973,157.86,157.968,1199,9,0,157.85713010981172,157.87985604641557,157.927973955045,157.85938111162216
2025-01-09 16:00:00,1736438400,157.965,158.028,157.933,157.947,1051,9,0,157.87710119652024,157.88944803978478,157.92970359549543,157.86025294135726
2025-01-09 16:30:00,1736440200,157.946,158.019,157.919,158.011,901,9,0,157.9068564861824,157.90681260552984,157.93709417772308,157.86175291209003
2025-01-09 17:00:00,1736442000,158.011,158.131,157.981,158.118,980,9,0,157.95377726703074,157.9369822333113,157.95354016156642,157.86430263435778
2025-01-09 17:30:00,1736443800,158.118,158.133,158.084,158.102,849,9,0,157.98671565213505,157.9605561999811,157.96703651051493,157.86666778227462
2025-01-09 18:00:00,1736445600,158.103,158.161,158.091,158.106,530,9,0,158.01322328499393,157.98133388569812,157.97966955501357,157.86904919737637
2025-01-09 18:30:00,1736447400,158.105,158.109,158.058,158.072,534,9,0,158.0262847772175,157.99428618774124,157.9880632318305,157.87106860834777
2025-01-09 19:00:00,1736449200,158.071,158.115,158.056,158.084,362,9,0,158.03911038228028,158.00710244663537,157.99678475620954,157.8731873286627
2025-01-09 19:30:00,1736451000,158.084,158.121,158.081,158.11,473,9,0,158.05486363066245,158.02180209711602,158.00707705109957,157.87554367365115
2025-01-09 20:00:00,1736452800,158.111,158.111,158.083,158.093,351,9,0,158.06333837940412,158.03197322609947,158.01488822827233,157.87770741819196
2025-01-09 20:30:00,1736454600,158.095,158.124,158.077,158.118,320,9,0,158.0754854062032,158.04426276522813,158.0242620257021,157.88009838915522
2025-01-09 21:00:00,1736456400,158.112,158.13,158.07,158.082,289,9,0,158.0769330937136,158.04965379876697,158.02951093245642,157.88210736040742
2025-01-09 21:30:00,1736458200,158.082,158.144,158.075,158.109,272,9,0,158.08405907288835,158.05813182751453,158.036737211324,157.88436499861234
2025-01-09 22:00:00,1736460000,158.105,158.127,157.983,158.113,272,38,0,158.09049039002429,158.0659701378696,158.04367019211273,157.88663997375053
2025-01-09 22:30:00,1736461800,158.115,158.154,158.081,158.102,333,38,0,158.09304808113,158.07111726103108,158.04897290192068,157.88878285958387
2025-01-09 23:00:00,1736463600,158.137,158.149,158.049,158.092,485,9,0,158.09281517421223,158.0741005094552,158.05288445629154,157.89080492068254
2025-01-09 23:30:00,1736465400,158.092,158.146,157.996,158.034,629,9,0,158.0797451354984,158.06837186524734,158.05116768753777,157.8922297473424
2025-01-10 00:00:00,1736467200,158.04,158.227,157.995,158.147,1940,9,0,158.0946906609432,158.0796044559263,158.05987971594342,157.89476477473204
2025-01-10 00:30:00,1736469000,158.149,158.206,157.946,158.002,2552,9,0,158.07409273628917,158.06851810507968,158.0546179235849,157.8958317918989
2025-01-10 01:00:00,1736470800,158.003,158.083,157.93,158.03,2200,9,0,158.06429435044714,158.0630155186397,158.05237993053174,157.89716679894468
2025-01-10 01:30:00,1736472600,158.031,158.171,158.02,158.127,1612,9,0,158.07822893923668,158.07215615883402,158.05916357321067,157.89945369646765
2025-01-10 02:00:00,1736474400,158.127,158.247,158.101,158.222,1108,9,0,158.11017806385075,158.0935624218577,158.07396688473696,157.9026631124232
2025-01-10 02:30:00,1736476200,158.221,158.279,158.178,158.26,1405,9,0,158.14347182743947,158.1173392187352,158.0908789861245,157.90621870334436
2025-01-10 03:00:00,1736478000,158.26,158.269,158.223,158.233,830,9,0,158.16336697689735,158.13386218748732,158.103799078295,157.90947025853498
2025-01-10 03:30:00,1736479800,158.23,158.253,158.179,158.231,698,9,0,158.17839653758682,158.14773901784628,158.11536279844998,157.9126695594451
2025-01-10 04:00:00,1736481600,158.23,158.328,158.223,158.287,908,9,0,158.2025306403453,158.16763344386825,158.13096618040908,157.91639424044567
2025-01-10 04:30:00,1736483400,158.288,158.404,158.287,158.381,1052,9,0,158.24219049804634,158.19811438045852,158.15369652764463,157.92101718332682
2025-01-10 05:00:00,1736485200,158.383,158.421,158.348,158.407,952,9,0,158.2788148318138,158.22795518325017,158.17672411604056,157.925852833244
2025-01-10 05:30:00,1736487000,158.407,158.419,158.358,158.409,897,9,0,158.30774486918853,158.25381872850014,158.19784010549142,157.93066026773909
2025-01-10 06:00:00,1736488800,158.409,158.42,158.336,158.356,1068,9,0,158.31846823159105,158.26841605300012,158.21221827771944,157.934892503881
2025-01-10 06:30:00,1736490600,158.357,158.403,158.302,158.325,990,9,0,158.31991973568194,158.2764994740001,158.22247116156313,157.93877417050905
2025-01-10 07:00:00,1736492400,158.325,158.375,158.258,158.37,1080,9,0,158.33104868330818,158.28985669200011,158.2358828741483,157.9430649747826
2025-01-10 07:30:00,1736494200,158.368,158.443,158.347,158.387,1274,9,0,158.3434823092397,158.30373430742867,158.24962079468025,157.94748223871514
2025-01-10 08:00:00,1736496000,158.385,158.423,158.317,158.344,957,9,0,158.34359735163088,158.30948654922457,158.25820072243658,157.95142768907618
2025-01-10 08:30:00,1736497800,158.34,158.352,157.742,157.822,7132,9,0,158.22768682904623,158.23984561362107,158.21854611130598,157.95013985137393
2025-01-10 09:00:00,1736499600,157.822,157.864,157.617,157.735,3385,9,0,158.11820086703597,158.1677248116752,158.17458737391453,157.94799915633538
2025-01-10 09:30:00,1736501400,157.735,157.944,157.735,157.926,1967,9,0,158.0754895632502,158.13319269572162,158.15198852174046,157.94778025925743
2025-01-10 10:00:00,1736503200,157.927,157.941,157.857,157.895,1307,9,0,158.0353807714168,158.09916516776138,158.12862592885494,157.9472550825484
2025-01-10 10:30:00,1736505000,157.897,158.129,157.879,158.075,1740,9,0,158.0441850444353,158.09571300093833,158.1237508444136,157.9485261762544
2025-01-10 11:00:00,1736506800,158.076,158.17,158.059,158.118,1361,9,0,158.06058836789413,158.09889685794715,158.12322804037598,157.95021248295834
2025-01-10 11:30:00,1736508600,158.118,158.151,157.985,157.991,1137,9,0,158.04512428613987,158.08348302109758,158.1112073094327,157.95061832889905
2025-01-10 12:00:00,1736510400,157.991,158.023,157.957,157.959,1182,9,0,158.02598555588656,158.06569973236935,158.09737028130246,157.9507017286115
2025-01-10 12:30:00,1736512200,157.96,157.997,157.886,157.988,1122,9,0,158.0175443212451,158.0545997706023,158.08742752845677,157.95107285569
2025-01-10 13:00:00,1736514000,157.989,158.056,157.898,157.968,1808,9,0,158.00653447207952,158.04222837480197,158.07657048041526,157.95124128498662
2025-01-10 13:30:00,1736515800,157.967,158.876,157.929,158.549,8680,9,0,158.12708236717296,158.11462432125884,158.1195186185593,157.9571891328972
2025-01-10 14:00:00,1736517600,158.551,158.653,158.198,158.227,6303,9,0,158.14928628557897,158.13067798965045,158.12928965323573,157.95987381814203
2025-01-10 14:30:00,1736519400,158.228,158.275,157.759,157.96,7586,9,0,158.10722266656143,158.1062954197004,158.11389968475976,157.95987507368292
2025-01-10 15:00:00,1736521200,157.963,158.16,157.22,157.371,7298,9,0,157.94361762954776,158.00125321688603,158.04636334978161,157.95401562021345
2025-01-10 15:30:00,1736523000,157.369,157.762,157.309,157.549,5327,9,0,157.8559248229816,157.93664561447375,158.00114849980147,157.9499856140422
2025-01-10 16:00:00,1736524800,157.552,157.871,157.537,157.834,3741,9,0,157.85105264009678,157.92198195526322,157.98595318163768,157.94883152833032
2025-01-10 16:30:00,1736526600,157.833,157.87,157.561,157.684,2815,9,0,157.81392983118639,157.88798453308277,157.9585028923979,157.94619638874494
2025-01-10 17:00:00,1736528400,157.685,157.797,157.611,157.739,2110,9,0,157.79727875758942,157.86670102835666,157.93854808399809,157.94413473313554
2025-01-10 17:30:00,1736530200,157.741,157.741,157.576,157.666,1696,9,0,157.76810570034732,157.83802945287712,157.9137709854528,157.9413672233531
2025-01-10 18:00:00,1736532000,157.664,157.913,157.659,157.906,1508,9,0,157.79874887804792,157.84773953103755,157.9130645322298,157.94101531068293
2025-01-10 18:30:00,1736533800,157.906,157.958,157.831,157.893,1279,9,0,157.81969357181504,157.8542053123179,157.9112404838453,157.94053754639754
2025-01-10 19:00:00,1736535600,157.893,157.98,157.832,157.907,1353,9,0,157.83909500030057,157.8617474105582,157.9108549853139,157.9402038394682
2025-01-10 19:30:00,1736537400,157.907,157.922,157.803,157.869,1295,9,0,157.84574055578935,157.86278349476416,157.90704998664899,157.93949534355312
2025-01-10 20:00:00,1736539200,157.869,157.929,157.819,157.832,1057,9,0,157.84268709894727,157.85838585265498,157.90022726059,157.93842573814464
2025-01-10 20:30:00,1736541000,157.829,157.86,157.807,157.811,936,9,0,157.83564552140342,157.85161644513283,157.89211569144544,157.93715782035216
2025-01-10 21:00:00,1736542800,157.804,157.809,157.675,157.735,650,9,0,157.81327984998046,157.83495695297103,157.8778324467686,157.93514629975164
2025-01-10 21:30:00,1736544600,157.735,157.79,157.705,157.722,735,9,0,157.7929954388737,157.81882024540374,157.86366586069872,157.93302544104765
2025-01-12 22:00:00,1736719200,157.703,157.772,157.614,157.719,265,38,0,157.77655200801286,157.80456021034607,157.850514418817,157.9308958346691
2025-01-12 22:30:00,1736721000,157.722,157.762,157.605,157.701,639,38,0,157.7597626728989,157.78976589458233,157.83692219892455,157.92860831392613
2025-01-12 23:00:00,1736722800,157.719,157.827,157.692,157.768,749,9,0,157.76159319003247,157.78665648107057,157.83065654447685,157.92701022125027
2025-01-12 23:30:00,1736724600,157.768,157.912,157.767,157.902,757,9,0,157.7927947033586,157.80313412663193,157.83714231316077,157.9267613633274
2025-01-13 00:00:00,1736726400,157.907,157.964,157.785,157.93,1327,9,0,157.8232847692789,157.82125782282736,157.84558392105524,157.9267935885679
2025-01-13 00:30:00,1736728200,157.93,157.962,157.785,157.787,1259,9,0,157.81522148721692,157.81636384813774,157.84025811005023,157.92540260758713
2025-01-13 01:00:00,1736730000,157.787,157.865,157.597,157.633,1629,9,0,157.77472782339095,157.79016901268952,157.82141646368203,157.92249312890468
2025-01-13 01:30:00,1736731800,157.633,157.635,157.267,157.443,2269,9,0,157.70101052930406,157.74057343944816,157.78701496698363,157.9177220529952
2025-01-13 02:00:00,1736733600,157.442,157.581,157.392,157.529,1537,9,0,157.6627859672365,157.71034866238415,157.76355906089418,157.9138541718709
2025-01-13 02:30:00,1736735400,157.529,157.65,157.513,157.513,1309,9,0,157.6295001967395,157.68215599632927,157.74078096444927,157.90986557314582
2025-01-13 03:00:00,1736737200,157.512,157.639,157.489,157.613,1473,9,0,157.62583348635295,157.67227656828223,157.7291645131357,157.90691168684586
2025-01-13 03:30:00,1736739000,157.615,157.628,157.407,157.413,1570,9,0,157.57853715605228,157.63523705852765,157.7004222846688,157.90199714269815
2025-01-13 04:00:00,1736740800,157.414,157.546,157.401,157.544,973,9,0,157.5708622324851,157.62220319302372,157.68620207697165,157.8984349820743
2025-01-13 04:30:00,1736742600,157.544,157.579,157.455,157.539,1033,9,0,157.5637817363773,157.61031702259174,157.67282006997422,157.89485851459096
2025-01-13 05:00:00,1736744400,157.539,157.545,157.42,157.421,813,9,0,157.5320524616268,157.58327173365007,157.6499273363402,157.89014350449554
2025-01-13 05:30:00,1736746200,157.419,157.448,157.278,157.403,1282,9,0,157.50337413682084,157.55751862884293,157.6274793966729,157.88529630544585
2025-01-13 06:00:00,1736748000,157.403,157.533,157.241,157.499,1930,9,0,157.5024021064162,157.54915882472253,157.6157994515208,157.88145256111306
2025-01-13 06:30:00,1736749800,157.499,157.594,157.464,157.531,1224,9,0,157.5087571938793,157.54656470690503,157.60809041047344,157.87796547095274
2025-01-13 07:00:00,1736751600,157.529,157.547,157.296,157.444,2236,9,0,157.49436670635055,157.5319126059186,157.5931731004304,157.87364740656514
2025-01-13 07:30:00,1736753400,157.446,157.472,157.292,157.458,2214,9,0,157.48628521605042,157.52135366221594,157.5808846367549,157.86951161147493
2025-01-13 08:00:00,1736755200,157.456,157.588,157.381,157.524,2832,9,0,157.49466627915032,157.52173171047082,157.57571330614078,157.8660736849926
2025-01-13 08:30:00,1736757000,157.527,157.666,157.491,157.601,1967,9,0,157.5182959948947,157.53305575183214,157.57801209649162,157.8634361358882
2025-01-13 09:00:00,1736758800,157.602,157.614,157.244,157.299,2884,9,0,157.46956355158477,157.49961921585611,157.55264736044694,157.8578198559291
2025-01-13 09:30:00,1736760600,157.297,157.348,157.03,157.102,3148,9,0,157.3878827623437,157.44281647073382,157.51167941858813,157.85029926034773
2025-01-13 10:00:00,1736762400,157.101,157.317,157.007,157.306,2070,9,0,157.369686592934,157.42327126062898,157.49298128962556,157.84488334730946
2025-01-13 10:30:00,1736764200,157.307,157.43,157.237,157.426,1848,9,0,157.3822006833931,157.42366108053912,157.48689208147778,157.8407153538039
2025-01-13 11:00:00,1736766000,157.429,157.471,157.216,157.317,1531,9,0,157.36771164263908,157.40842378331928,157.47144734679796,157.8355042557561
2025-01-13 11:30:00,1736767800,157.318,157.364,157.241,157.315,1160,9,0,157.35599794427483,157.3950775285594,157.45722486072543,157.83032510893264
2025-01-13 12:00:00,1736769600,157.312,157.459,157.251,157.362,1612,9,0,157.35733173443597,157.39035216733663,157.44856805520493,157.82566515759999
2025-01-13 12:30:00,1736771400,157.362,157.396,156.922,157.026,2625,9,0,157.28370246011687,157.3383018577171,157.41015277745905,157.81770829036017
2025-01-13 13:00:00,1736773200,157.024,157.148,156.909,156.976,2786,9,0,157.21532413564645,157.28654444947182,157.37068434314457,157.80933308349094
2025-01-13 13:30:00,1736775000,156.976,157.202,156.922,157.199,2389,9,0,157.21169654994725,157.27403809954728,157.355076675586,157.80326011748608
2025-01-13 14:00:00,1736776800,157.197,157.304,157.1,157.185,2627,9,0,157.20576398329231,157.26131837104055,157.3396151596236,157.79710827552105
2025-01-13 14:30:00,1736778600,157.189,157.424,157.149,157.351,2738,9,0,157.23803865367182,157.27413003232047,157.34065014511236,157.7926693872074
2025-01-13 15:00:00,1736780400,157.351,157.461,157.304,157.34,2169,9,0,157.26069673063364,157.28354002770328,157.34059104101124,157.78816521420038
2025-01-13 15:30:00,1736782200,157.339,157.583,157.33,157.512,2631,9,0,157.31654190160393,157.3161771666028,157.35617367364657,157.78541730162127
2025-01-13 16:00:00,1736784000,157.516,157.787,157.462,157.66,2250,9,0,157.3928659234697,157.36529471423097,157.38379424876962,157.7841693682718
2025-01-13 16:30:00,1736785800,157.658,157.668,157.464,157.514,1483,9,0,157.41978460714313,157.3865383264837,157.39563113524508,157.7814811158512
2025-01-13 17:00:00,1736787600,157.511,157.569,157.377,157.415,1625,9,0,157.41872136111132,157.3906042798432,157.3973919411319,157.77783453758403
2025-01-13 17:30:00,1736789400,157.415,157.428,157.305,157.327,1176,9,0,157.39833883641992,157.38151795415132,157.39099267375627,157.77334862178716
2025-01-13 18:00:00,1736791200,157.327,157.504,157.291,157.502,988,9,0,157.42137465054884,157.39872967498687,157.40108424886935,157.77064863550072
2025-01-13 18:30:00,1736793000,157.502,157.523,157.416,157.476,999,9,0,157.43351361709355,157.40976829284588,157.4078947716994,157.76771680828182
2025-01-13 19:00:00,1736794800,157.476,157.594,157.476,157.584,919,9,0,157.4669550355172,157.43465853672504,157.42390433790857,157.76588878033874
2025-01-13 19:30:00,1736796600,157.585,157.816,157.571,157.81,1311,9,0,157.5431872498467,157.48827874576432,157.45900394355323,157.76632769794733
2025-01-13 20:00:00,1736798400,157.81,157.81,157.695,157.697,998,9,0,157.5773678609919,157.51809606779798,157.48063994868474,157.76563787010707
2025-01-13 20:30:00,1736800200,157.696,157.698,157.608,157.647,870,9,0,157.59284166966037,157.5365109152554,157.4957635897134,157.7644573937876
2025-01-13 21:00:00,1736802000,157.635,157.686,157.573,157.593,570,9,0,157.59287685418028,157.54458078450463,157.5046032633758,157.76275135006833
2025-01-13 21:30:00,1736803800,157.592,157.598,157.458,157.47,694,9,0,157.56557088658465,157.53392638671826,157.50145751215982,157.7598384013114
2025-01-13 22:00:00,1736805600,157.468,157.477,157.207,157.321,397,38,0,157.51122180067696,157.5035083314728,157.48505228378164,157.7554718500546
2025-01-13 22:30:00,1736807400,157.299,157.421,157.062,157.285,739,38,0,157.4609502894154,157.47229285554812,157.46686571252877,157.75079053811376
2025-01-13 23:00:00,1736809200,157.314,157.442,157.222,157.289,910,9,0,157.42273911398973,157.4461081618984,157.45069610229888,157.74619560738626
2025-01-13 23:30:00,1736811000,157.29,157.37,157.112,157.302,1361,9,0,157.3959081997698,157.4255212816272,157.43717827481714,157.74177575059636
2025-01-14 00:00:00,1736812800,157.305,157.487,157.141,157.473,2819,9,0,157.41303971093208,157.43230395568048,157.44043479528833,157.73910136501829
2025-01-14 00:30:00,1736814600,157.472,157.575,157.394,157.536,2410,9,0,157.44036421961385,157.44711767629755,157.4491225411712,157.73708045591363
2025-01-14 01:00:00,1736816400,157.533,157.58,157.443,157.54,2089,9,0,157.4625055041441,157.46038657968361,157.45738412833742,157.73511945635232
2025-01-14 01:30:00,1736818200,157.54,158.027,157.056,157.435,9766,9,0,157.45639316988985,157.45675992544312,157.45534920757947,157.73213319310506
2025-01-14 02:00:00,1736820000,157.437,157.647,157.437,157.56,2140,9,0,157.47941690991433,157.47150850752269,157.4648629159813,157.73042042501447
2025-01-14 02:30:00,1736821800,157.562,157.727,157.562,157.689,1276,9,0,157.52599092993336,157.50257872073374,157.48523901452847,157.730008281482
2025-01-14 03:00:00,1736823600,157.689,157.749,157.579,157.583,1505,9,0,157.5386596121704,157.51406747491464,157.49412637684406,157.72854551251203
2025-01-14 03:30:00,1736825400,157.583,157.644,157.524,157.555,1205,9,0,157.54229080946584,157.51991497849826,157.49966034258549,157.726818691492
2025-01-14 04:00:00,1736827200,157.552,157.583,157.467,157.505,930,9,0,157.53400396291786,157.51778426728424,157.5001457659868,157.7246115403329
2025-01-14 04:30:00,1736829000,157.507,157.565,157.459,157.483,926,9,0,157.52266974893612,157.51281508624365,157.49858705998798,157.7222074454042
2025-01-14 05:00:00,1736830800,157.483,157.71,157.353,157.701,2585,9,0,157.56229869361698,157.5396986453517,157.51698823635272,157.72199642604696
2025-01-14 05:30:00,1736832600,157.704,157.719,157.472,157.577,2227,9,0,157.565565650591,157.54502741030146,157.52244385122972,157.72055367553904
2025-01-14 06:00:00,1736834400,157.578,157.695,157.522,157.631,1392,9,0,157.58010661712632,157.55730920882982,157.532312592027,157.7196625941904
2025-01-14 06:30:00,1736836200,157.629,157.644,157.456,157.479,1415,9,0,157.55763847998713,157.546122178997,157.52746599275181,157.7172679415119
2025-01-14 07:00:00,1736838000,157.478,157.52,157.291,157.351,2970,9,0,157.51171881776776,157.51824758199743,157.51142362977438,157.71362348438242
2025-01-14 07:30:00,1736839800,157.351,157.553,157.346,157.521,1851,9,0,157.51378130270825,157.51864078456921,157.5122942088858,157.71170683279655
2025-01-14 08:00:00,1736841600,157.519,157.534,157.387,157.454,2216,9,0,157.5004965687731,157.50940638677363,157.50699473535073,157.70914258570406
2025-01-14 08:30:00,1736843400,157.454,157.727,157.423,157.694,2210,9,0,157.54349733126796,157.53577690294884,157.5239952139552,157.7089919132095
2025-01-14 09:00:00,1736845200,157.697,157.955,157.679,157.924,2428,9,0,157.6280534798751,157.5912373453847,157.56035928541382,157.7111312971577
2025-01-14 09:30:00,1736847000,157.926,158.027,157.879,157.936,2118,9,0,157.69648603990285,157.6404891531869,157.59450844128529,157.71336879668846
2025-01-14 10:00:00,1736848800,157.938,157.98,157.832,157.933,1449,9,0,157.7490446977022,157.68227641701736,157.62528040116845,157.71555418179602
2025-01-14 10:30:00,1736850600,157.933,157.975,157.826,157.827,1068,9,0,157.7663680982128,157.7029512145863,157.6436185465168,157.71666309540998
2025-01-14 11:00:00,1736852400,157.828,157.952,157.828,157.896,852,9,0,157.79517518749884,157.73052961250255,157.66656231501526,157.71844754222184
2025-01-14 11:30:00,1736854200,157.894,157.948,157.837,157.936,1017,9,0,157.82646959027687,157.75988252500218,157.69105665001385,157.72061224329425
2025-01-14 12:00:00,1736856000,157.934,158.131,157.9,157.903,1839,9,0,157.84347634799312,157.7803278785733,157.71032422728533,157.7224270468436
2025-01-14 12:30:00,1736857800,157.903,157.932,157.838,157.859,1426,9,0,157.8469260484391,157.79156675306282,157.723840206623,157.72378598170087
2025-01-14 13:00:00,1736859600,157.857,157.921,157.688,157.889,2384,9,0,157.85627581545262,157.80548578833958,157.73885473329366,157.72542990228095
2025-01-14 13:30:00,1736861400,157.893,157.898,157.4,157.774,5581,9,0,157.8379923009076,157.80098781857677,157.7420497575397,157.72591318683536
2025-01-14 14:00:00,1736863200,157.775,157.915,157.691,157.777,3192,9,0,157.82443845626145,157.79756098735155,157.74522705230882,157.72642151333451
2025-01-14 14:30:00,1736865000,157.779,157.865,157.617,157.804,3127,9,0,157.81989657709224,157.79848084630132,157.75057004755345,157.72719343857497
2025-01-14 15:00:00,1736866800,157.801,158.047,157.743,158.03,3190,9,0,157.8665862266273,157.83155501111543,157.77597277050313,157.73020643918616
2025-01-14 15:30:00,1736868600,158.032,158.149,157.885,157.962,3260,9,0,157.8877892873768,157.85019000952752,157.79288433682103,157.73251284277634
2025-01-14 16:00:00,1736870400,157.962,158.065,157.83,158.051,3094,9,0,157.9240583346264,157.8788771510236,157.81634939711003,157.7356818692164
2025-01-14 16:30:00,1736872200,158.051,158.075,157.937,157.949,2338,9,0,157.92960092693167,157.8888947008774,157.8284085428273,157.73780443768192
2025-01-14 17:00:00,1736874000,157.947,158.163,157.903,158.161,1989,9,0,157.98102294316908,157.92776688646634,157.85864412984301,157.74201533879952
2025-01-14 17:30:00,1736875800,158.16,158.194,158.107,158.13,1282,9,0,158.01412895579818,157.95665733125688,157.88331284531182,157.74587588269208
2025-01-14 18:00:00,1736877600,158.13,158.138,158.027,158.041,969,9,0,158.02010029895413,157.9687062839345,157.89764804119258,157.74881244107326
2025-01-14 18:30:00,1736879400,158.042,158.065,157.976,158.004,1050,9,0,158.0165224547421,157.97374824337243,157.90731640108416,157.75135162076407
2025-01-14 19:00:00,1736881200,158.006,158.073,157.983,157.988,980,9,0,158.01018413146608,157.97578420860492,157.91465127371288,157.75370633100522
2025-01-14 19:30:00,1736883000,157.988,158.009,157.904,157.937,880,9,0,157.99392099114027,157.97024360737566,157.9166829761026,157.75553014860716
2025-01-14 20:00:00,1736884800,157.935,157.943,157.865,157.895,1041,9,0,157.97193854866467,157.9594945206077,157.9147117964569,157.75691790832252
2025-01-14 20:30:00,1736886600,157.898,157.983,157.898,157.98,847,9,0,157.97372998229474,157.9624238748066,157.9206470876881,157.75913763062778
2025-01-14 21:00:00,1736888400,157.975,158.017,157.919,157.949,588,9,0,157.9682344306737,157.96050617840567,157.923224625171,157.7610268084325
2025-01-14 21:30:00,1736890200,157.95,157.998,157.944,157.948,577,9,0,157.963737890524,157.95871958149058,157.92547693197363,157.76288723819934
2025-01-14 22:00:00,1736892000,157.907,158.012,157.807,157.95,571,38,0,157.9606850259631,157.95747392699195,157.9277063017942,157.76474905672472
2025-01-14 22:30:00,1736893800,157.955,157.976,157.842,157.939,348,38,0,157.95586613130465,157.95483479456453,157.9287330016311,157.76648289695632
2025-01-14 23:00:00,1736895600,157.95,157.985,157.907,157.983,563,9,0,157.9618958799036,157.95885839534103,157.93366636511917,157.7686372959916
2025-01-14 23:30:00,1736897400,157.983,158.064,157.976,158.039,696,9,0,157.97903012881392,157.9703071960066,157.94324215010832,157.77132747215092
2025-01-15 00:00:00,1736899200,158.043,158.083,157.9,157.959,1458,9,0,157.9745789890775,157.96869188229135,157.94467468191667,157.77319486048773
2025-01-15 00:30:00,1736901000,157.96,158.054,157.893,157.973,2026,9,0,157.97422810261583,157.9693073276783,157.94724971083332,157.77518297132866
2025-01-15 01:00:00,1736902800,157.976,158.034,157.872,157.923,1793,9,0,157.9628440798123,157.96269199515282,157.94504519166665,157.77665378753434
2025-01-15 01:30:00,1736904600,157.922,157.955,157.823,157.901,1451,9,0,157.94910095096512,157.95387885298814,157.94104108333332,157.7778910632803
2025-01-15 02:00:00,1736906400,157.899,157.945,157.872,157.913,1004,9,0,157.9410785174173,157.948039016847,157.93849189393939,157.77923543080985
2025-01-15 02:30:00,1736908200,157.913,157.971,157.895,157.943,1092,9,0,157.9415055135468,157.94731915729741,157.93890172176307,157.78086492901073
2025-01-15 03:00:00,1736910000,157.94,157.952,157.852,157.874,1104,9,0,157.92650428831416,157.93684499196922,157.93300156523915,157.78179164613502
2025-01-15 03:30:00,1736911800,157.873,157.925,157.839,157.887,815,9,0,157.91772555757768,157.92972427883075,157.92881960476285,157.78283849542723
2025-01-15 04:00:00,1736913600,157.886,157.933,157.707,157.769,1717,9,0,157.88467543367153,157.9067636675692,157.9142905497844,157.78270079895532
2025-01-15 04:30:00,1736915400,157.772,157.774,157.585,157.604,1903,9,0,157.82230311507786,157.86351171505933,157.88608231798582,157.7809226815528
2025-01-15 05:00:00,1736917200,157.602,157.602,157.315,157.345,2366,9,0,157.71623575617167,157.78943861290801,157.83689301635076,157.77658514243288
2025-01-15 05:30:00,1736919000,157.343,157.379,157.194,157.316,2582,9,0,157.62729447702242,157.72180452534974,157.7895391057734,157.77200220569227
2025-01-15 06:00:00,1736920800,157.316,157.44,157.28,157.41,1965,9,0,157.57900681546187,157.67726102172836,157.7550355507031,157.76840019369536
2025-01-15 06:30:00,1736922600,157.409,157.435,157.288,157.342,1201,9,0,157.52633863424813,157.62936659005288,157.71748686427554,157.7641574056984
2025-01-15 07:00:00,1736924400,157.342,157.342,157.164,157.169,2131,9,0,157.44693004885966,157.56359993433105,157.66762442206866,157.7582354414626
2025-01-15 07:30:00,1736926200,157.165,157.186,156.838,156.88,2326,9,0,157.32094559355752,157.46594280085517,157.59602220188057,157.74949678035352
2025-01-15 08:00:00,1736928000,156.877,156.987,156.718,156.951,3118,9,0,157.23873546165584,157.39237954359015,157.5373838198914,157.74155153875796
2025-01-15 08:30:00,1736929800,156.949,157.211,156.938,157.108,1872,9,0,157.2096831368434,157.35175389450583,157.498348927174,157.73524754334744
2025-01-15 09:00:00,1736931600,157.106,157.121,156.782,156.811,2274,9,0,157.12108688421154,157.27450333814787,157.43586266106726,157.72605105037883
2025-01-15 09:30:00,1736933400,156.81,156.892,156.705,156.862,2522,9,0,157.0635120210534,157.21557428984102,157.38369332824297,157.71745352748948
2025-01-15 10:00:00,1736935200,156.862,156.924,156.805,156.83,1512,9,0,157.0116204608193,157.16049224843516,157.33335757112997,157.7086231441314
2025-01-15 10:30:00,1736937000,156.831,156.859,156.746,156.789,1375,9,0,156.9621492473039,157.10742192723012,157.28387051920905,157.6994726650853
2025-01-15 11:00:00,1736938800,156.787,156.907,156.715,156.892,1438,9,0,156.9465605256808,157.07664736619725,157.24824592655366,157.69143811120387
2025-01-15 11:30:00,1736940600,156.89,157.057,156.87,157.009,1233,9,0,156.9604359644184,157.0669834567405,157.22649629686697,157.6846476822367
2025-01-15 12:00:00,1736942400,157.009,157.051,156.871,156.878,1360,9,0,156.9421168612143,157.0399858200633,157.19481481533361,157.6766213371398
2025-01-15 12:30:00,1736944200,156.878,157.016,156.853,156.974,1326,9,0,156.94920200316665,157.03055927434,157.1747407412124,157.66963008005385
2025-01-15 13:00:00,1736946000,156.976,157.086,156.934,156.981,1910,9,0,156.95626822468518,157.02347937800573,157.1571279465567,157.66277803945633
2025-01-15 13:30:00,1736947800,156.99,156.992,156.247,156.39,8368,9,0,156.8304308414218,156.9329823240049,157.08738904232428,157.6501135813523
2025-01-15 14:00:00,1736949600,156.393,156.457,155.931,155.982,5284,9,0,156.64189065443918,156.79712770628993,156.98689912938568,157.63351543626422
2025-01-15 14:30:00,1736951400,155.979,156.351,155.944,156.282,4783,9,0,156.5619149534527,156.7235380339628,156.92281739035062,157.62006752147553
2025-01-15 15:00:00,1736953200,156.284,156.522,156.225,156.229,3833,9,0,156.48793385268544,156.65288974339668,156.85974308213693,157.60622605360015
2025-01-15 15:30:00,1736955000,156.23,156.414,156.073,156.29,3766,9,0,156.44394855208867,156.6010483514829,156.80794825648812,157.59312927694742
2025-01-15 16:00:00,1736956800,156.287,156.664,156.284,156.626,3229,9,0,156.4844044294023,156.60461287269962,156.79140750589826,157.58350610006238
2025-01-15 16:30:00,1736958600,156.626,156.731,156.592,156.595,3060,9,0,156.50898122286847,156.6032396051711,156.77355227808934,157.57367021846972
2025-01-15 17:00:00,1736960400,156.594,156.606,156.492,156.537,1748,9,0,156.5152076177866,156.5937768044324,156.75204752553577,157.56335509191777
2025-01-15 17:30:00,1736962200,156.535,156.583,156.472,156.545,1404,9,0,156.52182814716735,156.58680868951348,156.73322502321432,157.553222205431
2025-01-15 18:00:00,1736964000,156.547,156.573,156.4,156.506,1504,9,0,156.51831078113017,156.57526459101157,156.71256820292209,157.54280208398393
2025-01-15 18:30:00,1736965800,156.507,156.534,156.462,156.494,992,9,0,156.51290838532347,156.56365536372422,156.69269836629277,157.53236624235225
2025-01-15 19:00:00,1736967600,156.495,156.564,156.471,156.5,882,9,0,156.5100398552516,156.55456174033506,156.67518033299342,157.52209394143335
2025-01-15 19:30:00,1736969400,156.499,156.521,156.43,156.461,1105,9,0,156.49914210964013,156.54119577743006,156.6557093936304,157.5115357927624
2025-01-15 20:00:00,1736971200,156.461,156.507,156.422,156.434,842,9,0,156.48466608527565,156.52588209494007,156.63555399420943,157.5008140435807
2025-01-15 20:30:00,1736973000,156.435,156.487,156.399,156.433,857,9,0,156.47318473299217,156.51261322423434,156.61713999473582,157.4901890282217
2025-01-15 21:00:00,1736974800,156.437,156.545,156.424,156.545,524,9,0,156.48914368121615,156.51723990648657,156.61058181339618,157.48078416226923
2025-01-15 21:30:00,1736976600,156.544,156.546,156.274,156.274,469,9,0,156.44133397427925,156.48249134841706,156.5799834667238,157.4687763596596
2025-01-15 22:00:00,1736978400,156.281,156.374,156.137,156.356,622,38,0,156.42237086888386,156.46442115578606,156.55962133338528,157.45770395807097
2025-01-15 22:30:00,1736980200,156.344,156.378,156.266,156.337,487,38,0,156.40339956468745,156.44621813353092,156.53938303035025,157.4465526749061
2025-01-15 23:00:00,1736982000,156.374,156.4,156.292,156.315,560,9,0,156.38375521697913,156.42747268588366,156.51898457304569,157.43529344431002
2025-01-15 23:30:00,1736983800,156.315,156.34,156.21,156.219,622,9,0,156.34714294653932,156.39769087361458,156.49171324822336,157.4231910219786
2025-01-16 00:00:00,1736985600,156.219,156.431,156.188,156.398,1508,9,0,156.35844451397503,156.3977350345268,156.4831938620212,157.4129901162873
2025-01-16 00:30:00,1736987400,156.397,156.524,156.162,156.184,3599,9,0,156.319679066425,156.36720145816582,156.4559944200193,157.4007613589113
2025-01-16 01:00:00,1736989200,156.184,156.184,155.683,155.737,3781,9,0,156.19019482944168,156.27717267842786,156.39063129092665,157.38420651951915
2025-01-16 01:30:00,1736991000,155.738,155.759,155.476,155.553,4588,9,0,156.04859597845464,156.17371943865245,156.3144829917515,157.36598555912593
2025-01-16 02:00:00,1736992800,155.55,155.774,155.204,155.62,6361,9,0,155.95335242768695,156.09461666170213,156.25134817431956,157.34861256848785
2025-01-16 02:30:00,1736994600,155.623,155.754,155.537,155.727,3076,9,0,155.90305188820096,156.0420999957447,156.20368015847234,157.33247712004518
2025-01-16 03:00:00,1736996400,155.724,155.84,155.702,155.749,2332,9,0,155.86881813526742,156.0002285677812,156.1623455986112,157.31672112880096
2025-01-16 03:30:00,1736998200,155.751,155.857,155.699,155.773,1606,9,0,155.8475252163191,155.96776734381245,156.12695054419203,157.30136071955917
2025-01-16 04:00:00,1737000000,155.773,155.848,155.602,155.847,1499,9,0,155.84740850158153,155.95051486612496,156.10150049472003,157.28688946861828
2025-01-16 04:30:00,1737001800,155.848,155.968,155.826,155.951,1185,9,0,155.8704288345634,155.95058417096425,156.08781863156364,157.27359703609474
2025-01-16 05:00:00,1737003600,155.95,156.106,155.942,155.982,1504,9,0,155.89522242688264,155.95507214654077,156.07819875596692,157.2607453242928
2025-01-16 05:30:00,1737005400,155.985,156.117,155.982,156.112,1572,9,0,155.9433952209087,155.97749041132067,156.08127159633358,157.24931502255856
2025-01-16 06:00:00,1737007200,156.11,156.231,156.03,156.172,1890,9,0,155.994196282929,156.00527749541772,156.08951963303053,157.2385954700953
2025-01-16 06:30:00,1737009000,156.175,156.309,156.067,156.096,1595,9,0,156.01681933116703,156.0182378532152,156.09010875730047,157.22722636094014
2025-01-16 07:00:00,1737010800,156.097,156.188,156.043,156.113,1997,9,0,156.0381928131299,156.03177530275588,156.09218977936408,157.21613953147806
2025-01-16 07:30:00,1737012600,156.113,156.24,156.022,156.179,2004,9,0,156.06948329910102,156.05280740236216,156.1000816176037,157.20581973514496
2025-01-16 08:00:00,1737014400,156.183,156.234,155.857,156.015,2543,9,0,156.05737589930078,156.04740634488186,156.0923469250943,157.19397078255645
2025-01-16 08:30:00,1737016200,156.016,156.093,155.876,155.895,2114,9,0,156.02129236612282,156.02563400989877,156.07440629554029,157.18104570014296
2025-01-16 09:00:00,1737018000,155.895,155.933,155.773,155.788,1764,9,0,155.96944961809552,155.99168629419896,156.0483693595821,157.16718454889778
2025-01-16 09:30:00,1737019800,155.788,155.841,155.607,155.681,1545,9,0,155.90534970296318,155.9473025378848,156.01497214507464,157.1523966429386
2025-01-16 10:00:00,1737021600,155.681,155.764,155.628,155.722,1613,9,0,155.8646053245269,155.91511646104414,155.98833831370422,157.13816384052132
2025-01-16 10:30:00,1737023400,155.724,155.734,155.643,155.661,1051,9,0,155.81935969685426,155.87881410946642,155.95858028518566,157.12346569285444
2025-01-16 11:00:00,1737025200,155.659,155.811,155.644,155.752,1114,9,0,155.80439087533108,155.86069780811408,155.9398002592597,157.1098192680499
2025-01-16 11:30:00,1737027000,155.753,155.872,155.74,155.779,1268,9,0,155.79874845859084,155.8490266926692,155.92518205387245,157.09657728528325
2025-01-16 12:00:00,1737028800,155.78,156.09,155.78,156.087,1553,9,0,155.86280435668175,155.88302287943077,155.9398927762477,157.08653174015606
2025-01-16 12:30:00,1737030600,156.088,156.198,156.076,156.107,1722,9,0,155.91707005519692,155.91501961094065,155.95508434204336,157.0767851556769
2025-01-16 13:00:00,1737032400,156.107,156.301,156.101,156.259,1864,9,0,155.9930544873754,155.96415966652057,155.98271303822125,157.06864798994877
2025-01-16 13:30:00,1737034200,156.265,156.359,155.842,155.911,5018,9,0,155.97482015684753,155.9565654284462,155.97619367111022,157.05712910447664
2025-01-16 14:00:00,1737036000,156.133,156.147,155.954,155.989,2023,9,0,155.97797123310363,155.96119893866816,155.97735788282748,157.04650095418333
2025-01-16 14:30:00,1737037800,155.987,156.173,155.894,156.125,3545,9,0,156.01064429241393,155.984599090287,155.99077989347953,157.03733179046012
2025-01-16 15:00:00,1737039600,156.122,156.192,155.551,155.592,8511,9,0,155.91761222743307,155.92851350596027,155.95452717589046,157.02295037960977
2025-01-16 15:30:00,1737041400,155.592,155.605,155.385,155.424,3971,9,0,155.80792062133682,155.85644014796594,155.90629743262767,157.00704042558382
2025-01-16 16:00:00,1737043200,155.423,155.548,155.229,155.276,4496,9,0,155.68971603881755,155.77352012682795,155.84899766602516,156.9898161427422
2025-01-16 16:30:00,1737045000,155.277,155.479,155.096,155.437,3718,9,0,155.63355691908032,155.7254458229954,155.81154333275015,156.97436523584926
2025-01-16 17:00:00,1737046800,155.436,155.509,155.248,155.313,3574,9,0,155.5623220481736,155.6665249911389,155.76622121159104,156.95783423847763
2025-01-16 17:30:00,1737048600,155.315,155.356,155.17,155.265,2419,9,0,155.4962504819128,155.60916427811907,155.72065564690095,156.94099011670176
2025-01-16 18:00:00,1737050400,155.263,155.324,155.142,155.289,1382,9,0,155.4501948192655,155.56342652410206,155.6814142244554,156.92455240409777
2025-01-16 18:30:00,1737052200,155.289,155.382,155.289,155.35,1505,9,0,155.42792930387316,155.53293702065892,155.6512856585958,156.9088852159973
2025-01-16 19:00:00,1737054000,155.351,155.374,155.178,155.222,1648,9,0,155.3821672363458,155.48851744627908,155.61225968963254,156.89210028847492
2025-01-16 19:30:00,1737055800,155.219,155.291,155.167,155.288,985,9,0,155.36124118382452,155.45987209681064,155.58278153602956,156.8761390915747
2025-01-16 20:00:00,1737057600,155.288,155.312,155.216,155.249,848,9,0,155.3362986985302,155.42974751155197,155.55243776002686,156.85994865285255
2025-01-16 20:30:00,1737059400,155.251,155.279,155.167,155.2,1302,9,0,155.3060100988568,155.39692643847312,155.52039796366077,156.84343175083413
2025-01-16 21:00:00,1737061200,155.193,155.22,155.165,155.186,506,9,0,155.27934118799973,155.3667940901198,155.48999814878252,156.82693989261688
2025-01-16 21:30:00,1737063000,155.189,155.191,155.093,155.124,497,9,0,155.24482092399978,155.3321092201027,155.45672558980226,156.80999521706846
2025-01-16 22:00:00,1737064800,155.029,155.157,154.977,155.131,426,38,0,155.21952738533318,155.3033793315166,155.4271141725475,156.79328879699813
2025-01-16 22:30:00,1737066600,155.133,155.187,155.079,155.155,387,38,0,155.20518796637026,155.28218228415707,155.4023765204977,156.77698741593346
2025-01-16 23:00:00,1737068400,155.172,155.287,155.161,155.277,544,9,0,155.22114619606575,155.28144195784893,155.3909786549979,156.76206216801373
2025-01-16 23:30:00,1737070200,155.277,155.393,155.249,155.36,698,9,0,155.25200259694003,155.29266453529908,155.38816241363443,156.7481113006703
2025-01-17 00:00:00,1737072000,155.363,155.481,155.218,155.232,1777,9,0,155.2475575753978,155.2839981731135,155.37396583057674,156.73302561608654
2025-01-17 00:30:00,1737073800,155.232,155.256,154.971,155.182,3563,9,0,155.23298922530938,155.26942700552587,155.3565143914334,156.71759252537922
2025-01-17 01:00:00,1737075600,155.181,155.37,155.165,155.196,2227,9,0,155.22476939746286,155.2589374333079,155.34192217403034,156.7024523012461
2025-01-17 01:30:00,1737077400,155.195,155.335,155.141,155.209,1826,9,0,155.22126508691557,155.2518035142639,155.32983834002758,156.68759207934315
2025-01-17 02:00:00,1737079200,155.207,155.349,155.156,155.278,1839,9,0,155.23387284537876,155.2555458693691,155.32512576366142,156.6735662875089
2025-01-17 02:30:00,1737081000,155.28,155.461,155.229,155.428,1329,9,0,155.27701221307237,155.28018217374495,155.33447796696493,156.66117259310582
2025-01-17 03:00:00,1737082800,155.428,155.435,155.344,155.384,1177,9,0,155.30078727683406,155.2950132917814,155.3389799699681,156.64846440809978
2025-01-17 03:30:00,1737084600,155.384,155.463,155.371,155.441,1161,9,0,155.3319456597598,155.31586853581263,155.34825451815283,156.6364498368749
2025-01-17 04:00:00,1737086400,155.443,155.492,155.407,155.417,1008,9,0,155.35084662425763,155.3303158878394,155.35450410741166,156.62431600765225
2025-01-17 04:30:00,1737088200,155.418,155.469,155.363,155.386,919,9,0,155.3586584855337,155.33827076100522,155.35736737037422,156.6119944553373
2025-01-17 05:00:00,1737090000,155.386,155.463,155.358,155.456,914,9,0,155.3802899331929,155.35508922371878,155.36633397306747,156.6004920229459
2025-01-17 05:30:00,1737091800,155.457,155.687,155.445,155.561,1895,9,0,155.4204477258167,155.38450504890181,155.38403088460677,156.5901488187375
2025-01-17 06:00:00,1737093600,155.562,155.695,155.516,155.647,1331,9,0,155.4707926756352,155.42200432763013,155.40793716782431,156.58076425337694
2025-01-17 06:30:00,1737095400,155.649,155.74,155.574,155.638,1374,9,0,155.50794985882737,155.45286085225442,155.42885197074938,156.57138351453736
2025-01-17 07:00:00,1737097200,155.637,155.751,155.522,155.737,1560,9,0,155.55884989019907,155.49345215907522,155.45686542795397,156.56308119100962
2025-01-17 07:30:00,1737099000,155.74,155.772,155.563,155.611,1650,9,0,155.57043880348817,155.51024470777875,155.4708776617763,156.55360774632297
2025-01-17 08:00:00,1737100800,155.612,155.614,155.404,155.569,1846,9,0,155.5701190693797,155.51863832095322,155.4797978743421,156.54381065431977
2025-01-17 08:30:00,1737102600,155.568,155.721,155.52,155.697,1570,9,0,155.59831483173977,155.54411856081705,155.4995435221292,156.5353846776599
2025-01-17 09:00:00,1737104400,155.698,155.843,155.407,155.795,3355,9,0,155.64202264690869,155.57995876641462,155.5264032019356,156.5280176659419
2025-01-17 09:30:00,1737106200,155.797,155.846,155.704,155.733,1562,9,0,155.66223983648453,155.60182179978398,155.54518472903234,156.52010704240018
2025-01-17 10:00:00,1737108000,155.732,155.758,155.605,155.665,1515,9,0,155.66285320615464,155.6108472569577,155.55607702639304,156.51159851461512
2025-01-17 10:30:00,1737109800,155.665,155.779,155.656,155.769,1037,9,0,155.6864413825647,155.63344050596376,155.5754336603573,156.5042094746687
2025-01-17 11:00:00,1737111600,155.77,155.801,155.643,155.67,1240,9,0,155.68278774199476,155.6386632908261,155.5840306003248,156.49590888288097
2025-01-17 11:30:00,1737113400,155.669,155.724,155.632,155.689,1121,9,0,155.6841682437737,155.6458542492795,155.59357327302254,156.48787993877272
2025-01-17 12:00:00,1737115200,155.689,155.713,155.585,155.603,1218,9,0,155.66613085626844,155.63973221366814,155.59443024820231,156.47907516326256
2025-01-17 12:30:00,1737117000,155.603,155.751,155.586,155.715,1405,9,0,155.67699066598655,155.65048475457272,155.60539113472936,156.47147242531966
2025-01-17 13:00:00,1737118800,155.713,155.713,155.553,155.573,1860,9,0,155.65388162910065,155.63941550391945,155.6024464861176,156.46253240118713
2025-01-17 13:30:00,1737120600,155.575,155.716,155.565,155.681,1820,9,0,155.65990793374496,155.64535614621667,155.60958771465238,156.4547559593843
2025-01-17 14:00:00,1737122400,155.681,155.937,155.646,155.817,2334,9,0,155.69481728180165,155.66987669675717,155.6284433769567,156.44841012894267
2025-01-17 14:30:00,1737124200,155.814,156.192,155.75,156.042,4839,9,0,155.77196899695684,155.723037168649,155.666039433597,156.44436624706265
2025-01-17 15:00:00,1737126000,156.044,156.052,155.774,155.888,3539,9,0,155.79775366429976,155.74660328741345,155.68621766690637,156.43883026450482
2025-01-17 15:30:00,1737127800,155.887,156.14,155.871,156.101,2760,9,0,155.8651417388998,155.79723138921153,155.72392515173306,156.4354687693356
2025-01-17 16:00:00,1737129600,156.098,156.346,156.095,156.289,2578,9,0,155.95933246358874,155.8674840478956,155.77529559248458,156.4340113686457
2025-01-17 16:30:00,1737131400,156.289,156.372,156.199,156.302,1992,9,0,156.03548080501346,155.9295577553391,155.8231778113496,156.43269782268905
2025-01-17 17:00:00,1737133200,156.298,156.339,156.232,156.321,1643,9,0,156.09892951501047,155.98547807600494,155.8684343739542,156.43158640156778
2025-01-17 17:30:00,1737135000,156.321,156.335,156.22,156.254,1304,9,0,156.1333896227859,156.02383835086138,155.9034857945038,156.42981937269647
2025-01-17 18:00:00,1737136800,156.255,156.284,156.121,156.169,1210,9,0,156.14130303994457,156.04457572930977,155.92762344954892,156.4272241550577
2025-01-17 18:30:00,1737138600,156.168,156.224,156.145,156.185,974,9,0,156.15101347551246,156.06463633940837,155.95102131777173,156.42481396446013
2025-01-17 19:00:00,1737140400,156.185,156.228,156.126,156.202,808,9,0,156.16234381428748,156.08425971949288,155.97383756161065,156.42259691008738
2025-01-17 19:30:00,1737142200,156.201,156.215,156.133,156.144,887,9,0,156.1582674111125,156.09279404527962,155.98930687419147,156.4198248015293
2025-01-17 20:00:00,1737144000,156.144,156.192,156.096,156.139,985,9,0,156.1539857641986,156.09939489595396,156.00291534017404,156.4170305248972
2025-01-17 20:30:00,1737145800,156.139,156.158,156.117,156.147,615,9,0,156.15243337215446,156.10619562510342,156.01601394561277,156.4143436540027
2025-01-17 21:00:00,1737147600,156.142,156.262,156.12,156.174,478,9,0,156.15722595612013,156.11588196437435,156.03037631419343,156.41195217485838
2025-01-17 21:30:00,1737149400,156.181,156.304,156.181,156.285,754,9,0,156.18562018809342,156.14004168374947,156.05352392199404,156.4106889691384
2025-01-19 22:00:00,1737324000,156.195,156.276,156.153,156.229,187,38,0,156.19526014629488,156.1527500146424,156.06947629272187,156.4088811186992
2025-01-19 22:30:00,1737325800,156.237,156.328,156.224,156.25,505,38,0,156.20742455822935,156.16664286969348,156.08588753883808,156.4073002120455
2025-01-19 23:00:00,1737327600,156.296,156.568,156.243,156.5,1024,9,0,156.27244132306728,156.21426531688013,156.1235341262164,156.40822259799532
2025-01-19 23:30:00,1737329400,156.499,156.5,156.292,156.3,912,9,0,156.27856547349677,156.2265131287544,156.13957647837856,156.40714575622425
2025-01-20 00:00:00,1737331200,156.307,156.359,156.055,156.123,1777,9,0,156.24399536827525,156.21172553893234,156.1380695257987,156.40431843526682
2025-01-20 00:30:00,1737333000,156.123,156.187,155.978,155.98,2232,9,0,156.18532973088074,156.17862189051345,156.1236995689079,156.40009636128408
2025-01-20 01:00:00,1737334800,155.982,156.046,155.861,156.02,1820,9,0,156.148589790685,156.1559616204401,156.11427233537083,156.39631430793798
2025-01-20 01:30:00,1737336600,156.02,156.105,155.873,155.921,1773,9,0,156.09801428164388,156.12239567466295,156.09670212306438,156.39158481233662
2025-01-20 02:00:00,1737338400,155.921,156.049,155.908,156.015,1267,9,0,156.0795666635008,156.1070534354254,156.08927465733126,156.38783769977604
2025-01-20 02:30:00,1737340200,156.015,156.036,155.884,155.933,1490,9,0,156.04699629383396,156.08218865893605,156.07506787030113,156.38331195151957
2025-01-20 03:00:00,1737342000,155.934,155.962,155.818,155.853,1071,9,0,156.0038860063153,156.0494474219452,156.05487988209194,156.37803521568358
2025-01-20 03:30:00,1737343800,155.853,155.86,155.704,155.74,1278,9,0,155.94524467157856,156.0052406473816,156.0262544382654,156.3716866065723
2025-01-20 04:00:00,1737345600,155.74,155.868,155.727,155.85,828,9,0,155.92407918900554,155.9830634120414,156.01023130751398,156.36649569506412
2025-01-20 04:30:00,1737347400,155.85,156.024,155.85,155.968,981,9,0,155.93383936922652,155.9809114960355,156.00639209773996,156.36253056376995
2025-01-20 05:00:00,1737349200,155.968,156.054,155.891,156.033,1004,9,0,155.95587506495394,155.9883527108876,156.0088109979454,156.35925165268765
2025-01-20 05:30:00,1737351000,156.033,156.063,155.955,156.057,1107,9,0,155.97834727274196,155.9981594664751,156.01319181631402,156.35624417355643
2025-01-20 06:00:00,1737352800,156.058,156.098,156.007,156.073,1099,9,0,155.99938121213265,156.00885097126437,156.01862892392182,156.3534258235708
2025-01-20 06:30:00,1737354600,156.073,156.196,156.046,156.193,1378,9,0,156.0424076094365,156.03515797536946,156.03448083992893,156.35182954671936
2025-01-20 07:00:00,1737356400,156.194,156.282,156.151,156.193,1568,9,0,156.07587258511728,156.05770683603097,156.04889167266268,156.35024915321966
2025-01-20 07:30:00,1737358200,156.193,156.2,155.957,155.985,1465,9,0,156.05567867731344,156.0473201451694,156.04308333878424,156.34661483328713
2025-01-20 08:00:00,1737360000,155.988,156.18,155.943,156.154,1822,9,0,156.07752786013268,156.06256012443095,156.05316667162202,156.3446982677818
2025-01-20 08:30:00,1737361800,156.151,156.174,155.993,156.147,1414,9,0,156.09296611343652,156.07462296379796,156.06169697420185,156.3427311208387
2025-01-20 09:00:00,1737363600,156.15,156.299,156.126,156.22,1568,9,0,156.1211958660062,156.0953911118268,156.0760881583653,156.34150991565622
2025-01-20 09:30:00,1737365400,156.219,156.358,156.21,156.279,1336,9,0,156.15626345133813,156.12162095299442,156.094534689423,156.34088792644573
2025-01-20 10:00:00,1737367200,156.278,156.366,156.23,156.339,1151,9,0,156.196871573263,156.15267510256666,156.11675880856635,156.340869141108
2025-01-20 10:30:00,1737369000,156.339,156.401,156.294,156.368,1000,9,0,156.2349001125379,156.1834358022,156.13959891687847,156.34113909990293
2025-01-20 11:00:00,1737370800,156.365,156.457,156.313,156.34,965,9,0,156.25825564308502,156.2058021161714,156.15781719716225,156.34112776557555
2025-01-20 11:30:00,1737372600,156.341,156.435,156.341,156.342,971,9,0,156.27686550017722,156.22525895671836,156.17456108832928,156.34113644452503
2025-01-20 12:00:00,1737374400,156.341,156.457,156.276,156.435,1037,9,0,156.31200650013784,156.25522196290146,156.19823735302663,156.34207041025118
2025-01-20 12:30:00,1737376200,156.435,156.45,156.324,156.374,1448,9,0,156.32578283344054,156.27219025391554,156.21421577547875,156.34238811761188
2025-01-20 13:00:00,1737378000,156.376,156.439,156.337,156.413,1068,9,0,156.34516442600932,156.29230593192761,156.23228706861704,156.3430907234068
2025-01-20 13:30:00,1737379800,156.414,156.467,155.716,155.721,14283,9,0,156.20646122022947,156.2106907987951,156.1858064260155,156.33690076595994
2025-01-20 14:00:00,1737381600,155.724,155.913,155.547,155.62,4937,9,0,156.07613650462292,156.12630639896724,156.1343694781959,156.32976742500512
2025-01-20 14:30:00,1737383400,155.618,155.704,155.408,155.545,5834,9,0,155.95810617026228,156.0432626276862,156.08079043472353,156.32195879391054
2025-01-20 15:00:00,1737385200,155.547,155.832,155.524,155.781,3501,9,0,155.91874924353735,156.00579653801677,156.05353675883956,156.31657611934426
2025-01-20 15:30:00,1737387000,155.783,155.926,155.618,155.687,3330,9,0,155.86724941164016,155.96025417544297,156.02021523530868,156.31031168034582
2025-01-20 16:00:00,1737388800,155.689,155.723,155.616,155.663,2216,9,0,155.8218606534979,155.91778929323686,155.98774112300788,156.3038707681036
2025-01-20 16:30:00,1737390600,155.665,155.7,155.593,155.681,1387,9,0,155.79055828605394,155.8839622513459,155.9598555663708,156.297673049018
2025-01-20 17:00:00,1737392400,155.682,156.061,155.681,155.872,4878,9,0,155.80865644470862,155.8822533582965,155.95186869670073,156.29343749629143
2025-01-20 17:30:00,1737394200,155.874,155.891,155.626,155.822,3684,9,0,155.8116216792178,155.87364573568274,155.9400624515461,156.28874657593033
2025-01-20 18:00:00,1737396000,155.823,155.895,155.79,155.854,720,9,0,155.82103908383607,155.8708392020138,155.93223859231466,156.28442073935392
2025-01-20 18:30:00,1737397800,155.854,155.854,155.69,155.693,854,9,0,155.79258595409473,155.84543360172614,155.91048962937694,156.27853595587777
2025-01-20 19:00:00,1737399600,155.693,155.766,155.689,155.741,726,9,0,155.78112240874034,155.8305145157653,155.89508148125176,156.2731873394014
2025-01-20 19:30:00,1737401400,155.741,155.773,155.591,155.63,1220,9,0,155.7475396512425,155.80186958494167,155.87098316477434,156.26678746537752
2025-01-20 20:00:00,1737403200,155.633,155.639,155.491,155.606,1198,9,0,155.71608639541083,155.7738882156643,155.8468937861585,156.26021246572205
2025-01-20 20:30:00,1737405000,155.606,155.628,155.526,155.607,811,9,0,155.6918449742084,155.750047041998,155.82508526014408,156.25371283919745
2025-01-20 21:00:00,1737406800,155.607,155.666,155.488,155.629,808,9,0,155.67787942438432,155.73275460742684,155.8072593274037,156.24749679104625
2025-01-20 21:30:00,1737408600,155.63,155.709,155.565,155.623,1523,9,0,155.66568399674335,155.71707537779443,155.7905084794579,156.24128289262788
2025-01-20 22:00:00,1737410400,155.59,155.634,155.481,155.63,354,38,0,155.65775421968928,155.70463603810953,155.7759167995072,156.2352004757858
2025-01-20 22:30:00,1737412200,155.619,155.65,155.511,155.621,401,38,0,155.6495866153139,155.69268803266533,155.76183345409746,156.22908902826555
2025-01-20 23:00:00,1737414000,155.647,155.647,155.291,155.457,1170,9,0,155.6067895896886,155.65901831371315,155.73412132190677,156.22140655037236
2025-01-20 23:30:00,1737415800,155.462,155.509,155.16,155.268,1592,9,0,155.53150301420223,155.60315855461127,155.69174665627887,156.21191991803036
2025-01-21 00:00:00,1737417600,155.27,155.287,154.895,155.154,3281,9,0,155.44761345549063,155.53899304680965,155.64286059661717,156.20139335168182
2025-01-21 00:30:00,1737419400,155.153,156.235,155.108,156.023,10677,9,0,155.57547713204826,155.6081368972654,155.67741872419742,156.19961829345613
2025-01-21 01:00:00,1737421200,156.022,156.189,155.608,155.632,8393,9,0,155.58803776937089,155.6115459119418,155.67328974927037,156.19397035023766
2025-01-21 01:30:00,1737423000,155.634,155.799,155.46,155.541,4569,9,0,155.57758493173293,155.60146792452156,155.6612634084276,156.1874731328224
2025-01-21 02:00:00,1737424800,155.541,155.578,155.11,155.135,4593,9,0,155.47923272468117,155.53482964958994,155.6134212803887,156.1770007633416
2025-01-21 02:30:00,1737426600,155.131,155.23,154.947,155.133,4037,9,0,155.4022921191965,155.47742541393424,155.5697466185352,156.1666126960447
2025-01-21 03:00:00,1737428400,155.132,155.241,154.77,154.954,4017,9,0,155.30267164826395,155.40265035480078,155.5137696532138,156.1545468980741
2025-01-21 03:30:00,1737430200,154.953,155.211,154.84,155.181,2720,9,0,155.2756335042053,155.37098601840069,155.483517866558,156.14485986426243
2025-01-21 04:00:00,1737432000,155.182,155.188,154.969,155.018,1890,9,0,155.2183816143819,155.32055944434344,155.44119806050725,156.13364732829962
2025-01-21 04:30:00,1737433800,155.018,155.18,154.949,155.063,1746,9,0,155.18385236674146,155.2837652380087,155.40681641864293,156.12299412105287
2025-01-21 05:00:00,1737435600,155.066,155.24,155.004,155.22,1612,9,0,155.19188517413224,155.27465591829318,155.3898331078572,156.11400910492299
2025-01-21 05:30:00,1737437400,155.219,155.322,155.179,155.307,1602,9,0,155.2174662465473,155.27927650139415,155.38230282532473,156.10597916358049
2025-01-21 06:00:00,1737439200,155.31,155.452,155.31,155.411,1835,9,0,155.26047374731456,155.29809414405213,155.38491165938612,156.0990639480225
2025-01-21 06:30:00,1737441000,155.41,155.55,155.41,155.516,1519,9,0,155.31725735902245,155.32922355204468,155.3968287812601,156.09326231669888
2025-01-21 07:00:00,1737442800,155.513,155.631,155.491,155.598,1807,9,0,155.37964461257303,155.36762018746685,155.4151170738728,156.08833433344816
2025-01-21 07:30:00,1737444600,155.597,155.747,155.504,155.67,2407,9,0,155.44416803200124,155.410817303543,155.43828824897528,156.0841718027671
2025-01-21 08:00:00,1737446400,155.673,155.768,155.632,155.728,2017,9,0,155.50724180266764,155.4561291173226,155.4646256808866,156.08062780472963
2025-01-21 08:30:00,1737448200,155.728,155.756,155.61,155.742,1610,9,0,155.5594102909637,155.49696781484795,155.48984152807873,156.0772583738368
2025-01-21 09:00:00,1737450000,155.738,155.887,155.7,155.805,2071,9,0,155.61398578186066,155.54097241272683,155.51849229825336,156.07454933529115
2025-01-21 09:30:00,1737451800,155.807,155.954,155.788,155.897,2053,9,0,155.67687783033608,155.591833496623,155.55290208932124,156.07278267523853
2025-01-21 10:00:00,1737453600,155.895,155.957,155.804,155.815,1662,9,0,155.70757164581696,155.62371442567687,155.5767291721102,156.07021767349485
2025-01-21 10:30:00,1737455400,155.817,156.003,155.809,155.977,1388,9,0,155.7674446134132,155.67418379343732,155.61311742919108,156.06929013445512
2025-01-21 11:00:00,1737457200,155.977,156.05,155.884,155.947,1383,9,0,155.80734581043248,155.713157537232,155.6434703901737,156.06807331719685
2025-01-21 11:30:00,1737459000,155.949,156.013,155.867,155.909,1579,9,0,155.82993563033637,155.74113503191313,155.66760944561244,156.06649049812026
2025-01-21 12:00:00,1737460800,155.91,155.95,155.77,155.775,1627,9,0,155.81772771248384,155.74597288449698,155.67737222328404,156.0635900951539
2025-01-21 12:30:00,1737462600,155.772,155.91,155.713,155.823,1704,9,0,155.81889933193187,155.75697675814027,155.6906111120764,156.06119616385882
2025-01-21 13:00:00,1737464400,155.82,155.835,155.631,155.688,1930,9,0,155.78981059150257,155.7471229355488,155.69037373825125,156.05748276919357
2025-01-21 13:30:00,1737466200,155.691,155.699,155.458,155.486,2374,9,0,155.72229712672421,155.7098196590418,155.67179430750113,156.05179637348022
2025-01-21 14:00:00,1737468000,155.487,155.563,155.38,155.432,2329,9,0,155.65778665411884,155.67013113632157,155.64999482500102,156.0456292453859
2025-01-21 14:30:00,1737469800,155.433,155.671,155.329,155.581,4771,9,0,155.64072295320355,155.65739811684708,155.64372256818274,156.04100606881488
2025-01-21 15:00:00,1737471600,155.578,155.732,155.398,155.541,3809,9,0,155.6185622969361,155.64076981444038,155.63438415289338,156.03603088405058
2025-01-21 15:30:00,1737473400,155.541,155.545,155.249,155.323,3378,9,0,155.55288178650585,155.5953741266632,155.60607650263032,156.02893604938342
2025-01-21 16:00:00,1737475200,155.326,155.569,155.301,155.42,2424,9,0,155.52335250061566,155.57032067999702,155.58916045693664,156.02287698421543
2025-01-21 16:30:00,1737477000,155.42,155.558,155.392,155.489,2022,9,0,155.51571861158996,155.55870343999743,155.5800549608515,156.01756477541727
2025-01-21 17:00:00,1737478800,155.492,155.522,155.423,155.448,1484,9,0,155.50067003123664,155.54288866285495,155.56804996441045,156.0118974642191
2025-01-21 17:30:00,1737480600,155.446,155.578,155.413,155.571,1360,9,0,155.51629891318404,155.5469045681614,155.56831814946403,156.00751042477413
2025-01-21 18:00:00,1737482400,155.57,155.593,155.483,155.55,1276,9,0,155.5237880435876,155.54734677270977,155.56665286314913,156.00295808223908
2025-01-21 18:30:00,1737484200,155.548,155.555,155.423,155.504,1204,9,0,155.51939070056812,155.54115437660838,155.56095714831739,155.9979933252019
2025-01-21 19:00:00,1737486000,155.504,155.579,155.469,155.564,1088,9,0,155.52930387821965,155.5444180370929,155.56123377119764,155.9936749836576
2025-01-21 19:30:00,1737487800,155.563,155.583,155.526,155.552,873,9,0,155.5343474608375,155.54550117465106,155.56039433745238,155.9892802077008
2025-01-21 20:00:00,1737489600,155.553,155.591,155.529,155.562,714,9,0,155.54049246954025,155.54785814970091,155.56054030677487,155.9850286633456
2025-01-21 20:30:00,1737491400,155.564,155.578,155.513,155.515,664,9,0,155.5348274763091,155.54316412831508,155.55640027888623,155.98035176122278
2025-01-21 21:00:00,1737493200,155.508,155.55,155.456,155.483,392,9,0,155.52331025935152,155.5345692528415,155.5497275262602,155.97540298747927
2025-01-21 21:30:00,1737495000,155.479,155.519,155.475,155.491,431,9,0,155.51613020171786,155.52834507386413,155.54438866023654,155.9705830572556
2025-01-21 22:00:00,1737496800,155.477,155.501,155.353,155.496,299,38,0,155.51165682355833,155.5237243490264,155.5399896911241,155.9658608377804
2025-01-21 22:30:00,1737498600,155.485,155.494,155.349,155.442,567,38,0,155.49617752943425,155.51204944202263,155.53108153738555,155.96064829213088
2025-01-21 23:00:00,1737500400,155.466,155.793,155.466,155.666,1383,9,0,155.53391585622663,155.53404237887653,155.5433468521687,155.9577164683286
2025-01-21 23:30:00,1737502200,155.666,155.783,155.635,155.741,994,9,0,155.57993455484294,155.56360775332274,155.56131532015337,155.9555600855592
2025-01-22 00:00:00,1737504000,155.744,155.764,155.458,155.512,2621,9,0,155.56483798710005,155.5562352171338,155.55683210923033,155.95114655236958
2025-01-22 00:30:00,1737505800,155.513,155.56,155.35,155.423,2922,9,0,155.53331843441114,155.53720161468613,155.54466555384576,155.94589136279376
2025-01-22 01:00:00,1737507600,155.425,155.612,155.401,155.599,2336,9,0,155.54791433787534,155.54602995544525,155.5496050489507,155.9424397074426
2025-01-22 01:30:00,1737509400,155.597,155.715,155.583,155.683,1555,9,0,155.57793337390305,155.56559710466735,155.56173186268245,155.9398582178163
2025-01-22 02:00:00,1737511200,155.683,155.759,155.628,155.736,1419,9,0,155.61305929081348,155.58994037542917,155.5775744206204,155.93782977783803
2025-01-22 02:30:00,1737513000,155.736,155.762,155.627,155.738,1433,9,0,155.64082389285494,155.61109175036788,155.59215856420036,155.93584142183965
2025-01-22 03:00:00,1737514800,155.735,155.877,155.679,155.87,1204,9,0,155.69175191666494,155.64807864317248,155.61741687654578,155.9351862833139
2025-01-22 03:30:00,1737516600,155.871,155.956,155.839,155.921,1072,9,0,155.74269593518386,155.68706740843356,155.64501534231434,155.935045126266
2025-01-22 04:00:00,1737518400,155.921,155.924,155.764,155.808,1149,9,0,155.75720794958744,155.70434349294305,155.65983212937667,155.9337809956564
2025-01-22 04:30:00,1737520200,155.807,155.833,155.712,155.788,1006,9,0,155.7640506274569,155.71629442252262,155.6714837539788,155.9323304384857
2025-01-22 05:00:00,1737522000,155.788,155.952,155.784,155.918,995,9,0,155.79826159913316,155.7451095050194,155.69389432179892,155.932187847058
2025-01-22 05:30:00,1737523800,155.918,155.939,155.786,155.826,1227,9,0,155.80442568821468,155.75666529001663,155.7059039289081,155.9311312515649
2025-01-22 06:00:00,1737525600,155.828,155.897,155.676,155.868,2089,9,0,155.81855331305587,155.77257024858568,155.720639935371,155.93050307990754
2025-01-22 06:30:00,1737527400,155.872,155.976,155.832,155.882,1538,9,0,155.83265257682123,155.7882030702163,155.73530903215544,155.930020462197
2025-01-22 07:00:00,1737529200,155.882,155.953,155.797,155.948,1511,9,0,155.85828533752763,155.81103120304255,155.75464457468675,155.93019936307067
2025-01-22 07:30:00,1737531000,155.95,156.07,155.873,156.043,2083,9,0,155.89933304029927,155.8441696026079,155.78085870426068,155.93132175746797
2025-01-22 08:00:00,1737532800,156.042,156.113,155.801,155.809,2542,9,0,155.87925903134388,155.8391453736639,155.78341700387332,155.9301046255529
2025-01-22 08:30:00,1737534600,155.807,155.816,155.542,155.715,2867,9,0,155.84275702437859,155.82141032028338,155.77719727624847,155.92796428102005
2025-01-22 09:00:00,1737536400,155.713,155.823,155.676,155.683,1565,9,0,155.80725546340557,155.80163741738576,155.7686338874986,155.9255268254875
2025-01-22 09:30:00,1737538200,155.684,155.748,155.648,155.666,1618,9,0,155.77586536042656,155.7822606434735,155.75930353408964,155.92294446901502
2025-01-22 10:00:00,1737540000,155.668,155.752,155.627,155.697,1380,9,0,155.75833972477622,155.77008055154874,155.75363957644512,155.92069626534325
2025-01-22 10:30:00,1737541800,155.696,155.783,155.666,155.76,1155,9,0,155.75870867482595,155.76864047275606,155.75421779676827,155.91909729752888
2025-01-22 11:00:00,1737543600,155.76,155.813,155.709,155.812,920,9,0,155.7705511915313,155.77483469093377,155.7594707243348,155.91803165277736
2025-01-22 11:30:00,1737545400,155.812,155.898,155.805,155.87,1030,9,0,155.79265092674657,155.7884297350861,155.76951884030433,155.91755372588406
2025-01-22 12:00:00,1737547200,155.87,156.035,155.87,156.02,1027,9,0,155.8431729430251,155.8215112015024,155.79228985482212,155.91857309179565
2025-01-22 12:30:00,1737549000,156.02,156.051,155.799,155.81,1581,9,0,155.83580117790842,155.81986674414492,155.7938998680201,155.91749276252406
2025-01-22 13:00:00,1737550800,155.809,155.884,155.739,155.884,1747,9,0,155.8465120272621,155.82902863783852,155.8020907891092,155.91715950120542
2025-01-22 13:30:00,1737552600,155.886,155.969,155.822,155.887,1859,9,0,155.8555093545372,155.83731026100446,155.80980980828107,155.91685940666608
2025-01-22 14:00:00,1737554400,155.887,155.98,155.807,155.979,2118,9,0,155.8829517201956,155.85755165228954,155.82519073480097,155.9174777210276
2025-01-22 14:30:00,1737556200,155.976,156.186,155.976,156.148,3034,9,0,155.9418513379299,155.89904427339104,155.85453703163725,155.91977147504724
2025-01-22 15:00:00,1737558000,156.15,156.265,156.045,156.261,2386,9,0,156.01277326283437,155.9507522343352,155.8914882105793,155.92316678375326
2025-01-22 15:30:00,1737559800,156.261,156.42,156.193,156.398,2598,9,0,156.09837920442675,156.0146447722873,155.93753473689026,155.92789149237265
2025-01-22 16:00:00,1737561600,156.396,156.548,156.372,156.542,2155,9,0,156.19696160344301,156.08998123338912,155.9924861244457,155.93400202478685
2025-01-22 16:30:00,1737563400,156.542,156.642,156.499,156.616,1736,9,0,156.29008124712234,156.16512677147642,156.04916920404153,155.94078807429148
2025-01-22 17:00:00,1737565200,156.616,156.707,156.578,156.665,1318,9,0,156.3733965255396,156.23653723269408,156.10515382185594,155.9479941631045
2025-01-22 17:30:00,1737567000,156.663,156.681,156.556,156.611,1375,9,0,156.4261972976419,156.29003191373778,156.15113983805082,155.95459123610846
2025-01-22 18:00:00,1737568800,156.613,156.627,156.498,156.523,1593,9,0,156.44770900927702,156.3233130689181,156.18494530731894,155.9602470447044
2025-01-22 18:30:00,1737570600,156.523,156.597,156.509,156.572,887,9,0,156.47532922943768,156.3588397733584,156.22013209756267,155.96633413878695
2025-01-22 19:00:00,1737572400,156.572,156.584,156.468,156.511,807,9,0,156.48325606734042,156.38057694859293,156.24657463414786,155.97175369959504
2025-01-22 19:30:00,1737574200,156.51,156.554,156.478,156.516,911,9,0,156.49053249682032,156.39992309879395,156.27106784922532,155.97716908566872
2025-01-22 20:00:00,1737576000,156.516,156.543,156.443,156.479,843,9,0,156.48796971974915,156.41121979896624,156.289970772023,155.98216242809988
2025-01-22 20:30:00,1737577800,156.48,156.556,156.475,156.546,681,9,0,156.50086533758267,156.43047411339964,156.31324615638454,155.9877727521984
2025-01-22 21:00:00,1737579600,156.543,156.585,156.5,156.526,487,9,0,156.50645081811984,156.44412066862827,156.33258741489502,155.9931282472014
2025-01-22 21:30:00,1737581400,156.524,156.564,156.33,156.33,445,9,0,156.46723952520432,156.42781771596708,156.3323521953591,155.9964802049407
2025-01-22 22:00:00,1737583200,156.308,156.449,156.213,156.436,259,38,0,156.46029740849224,156.42898661368605,156.34177472305373,156.0008535362348
2025-01-22 22:30:00,1737585000,156.416,156.457,156.371,156.415,329,38,0,156.45023131771617,156.42698852601663,156.34843156641247,156.0049743965708
2025-01-22 23:00:00,1737586800,156.432,156.509,156.398,156.502,628,9,0,156.46173546933483,156.43770445087142,156.36239233310224,156.00991992496313
2025-01-22 23:30:00,1737588600,156.502,156.507,156.397,156.416,710,9,0,156.45157203170487,156.43460381503266,156.36726575736566,156.0139605227247
2025-01-23 00:00:00,1737590400,156.432,156.456,156.312,156.361,1786,9,0,156.43144491354823,156.42408898431373,156.3666961430597,156.0174136518518
2025-01-23 00:30:00,1737592200,156.361,156.431,156.336,156.388,1717,9,0,156.4217904883153,156.41893341512605,156.368632857327,156.02110107820155
2025-01-23 01:00:00,1737594000,156.39,156.413,156.28,156.387,1661,9,0,156.41405926868967,156.4143714986795,156.37030259757,156.0247418634931
2025-01-23 01:30:00,1737595800,156.387,156.56,156.376,156.548,1246,9,0,156.44382387564752,156.43346128458242,156.38645690688182,156.02994841211506
2025-01-23 02:00:00,1737597600,156.546,156.607,156.446,156.482,1490,9,0,156.45230745883697,156.44039538678496,156.39514264261985,156.03444643786517
2025-01-23 02:30:00,1737599400,156.481,156.521,156.459,156.487,1043,9,0,156.46001691242876,156.44705318867284,156.40349331147257,156.03894945838394
2025-01-23 03:00:00,1737601200,156.488,156.539,156.477,156.53,837,9,0,156.47556870966682,156.45890273314816,156.4149939195205,156.0438355334249
2025-01-23 03:30:00,1737603000,156.533,156.556,156.494,156.495,609,9,0,156.4798867741853,156.4640594855556,156.4222671995641,156.0483247320973
2025-01-23 04:00:00,1737604800,156.495,156.567,156.471,156.554,708,9,0,156.4963563799219,156.47690813047623,156.43424290869464,156.05335632680283
2025-01-23 04:30:00,1737606600,156.554,156.613,156.538,156.588,544,9,0,156.51672162882815,156.49277839755106,156.44822082608604,156.0586761643471
2025-01-23 05:00:00,1737608400,156.586,156.727,156.583,156.712,1211,9,0,156.5601168224219,156.52409576932948,156.4722007509873,156.06517689903023
2025-01-23 05:30:00,1737610200,156.713,156.751,156.683,156.7,996,9,0,156.5912019729948,156.54922494513954,156.4929097736248,156.0714935468011
2025-01-23 06:00:00,1737612000,156.703,156.723,156.499,156.552,1631,9,0,156.5824904234404,156.54962138154818,156.49828161238617,156.07627470553942
2025-01-23 06:30:00,1737613800,156.553,156.63,156.479,156.603,1179,9,0,156.5870481071203,156.55724689846988,156.5078014658056,156.0815157532455
2025-01-23 07:00:00,1737615600,156.607,156.639,156.518,156.576,1798,9,0,156.58459297220466,156.5599259129742,156.51400133255055,156.08643599450673
2025-01-23 07:30:00,1737617400,156.575,156.686,156.531,156.605,1605,9,0,156.5891278672703,156.5663650682636,156.52227393868233,156.0915958353574
2025-01-23 08:00:00,1737619200,156.603,156.629,156.456,156.532,1943,9,0,156.57643278565467,156.5614557727974,156.52315812607483,156.09597796634887
2025-01-23 08:30:00,1737621000,156.535,156.593,156.445,156.484,1669,9,0,156.5558921666203,156.55039066239777,156.51959829643164,156.0998388821066
2025-01-23 09:00:00,1737622800,156.481,156.547,156.393,156.505,1828,9,0,156.54458279626024,156.54390628205525,156.5182711785742,156.103870336016
2025-01-23 09:30:00,1737624600,156.506,156.522,156.347,156.376,1561,9,0,156.50711995264686,156.51991967033308,156.50533743506745,156.10657809386657
2025-01-23 10:00:00,1737626400,156.378,156.378,156.199,156.266,1515,9,0,156.45353774094755,156.48364543171408,156.48357948642493,156.10816438148981
2025-01-23 10:30:00,1737628200,156.265,156.401,156.263,156.398,1025,9,0,156.44119602073698,156.47141037004064,156.47579953311356,156.1110483179924
2025-01-23 11:00:00,1737630000,156.399,156.503,156.361,156.447,980,9,0,156.44248579390654,156.46792317432056,156.4731813937396,156.11439112079847
2025-01-23 11:30:00,1737631800,156.447,156.552,156.416,156.544,989,9,0,156.46504450637175,156.47879129227476,156.47961944885418,156.11866583601443
2025-01-23 12:00:00,1737633600,156.544,156.594,156.489,156.519,1187,9,0,156.47703461606693,156.4845353933784,156.48319949895836,156.1226492605317
2025-01-23 12:30:00,1737635400,156.52,156.532,156.366,156.397,1306,9,0,156.45924914582983,156.47203033718148,156.47536318087123,156.12537911863586
2025-01-23 13:00:00,1737637200,156.397,156.418,156.245,156.297,2014,9,0,156.42319378008986,156.44702600329842,156.45914834624656,156.1270867890972
2025-01-23 13:30:00,1737639000,156.299,156.309,156.098,156.204,2608,9,0,156.374484051181,156.41230800282722,156.43595304204234,156.12785209467836
2025-01-23 14:00:00,1737640800,156.202,156.372,156.13,156.358,2149,9,0,156.37082092869633,156.40454971670903,156.42886640185665,156.13014212358704
2025-01-23 14:30:00,1737642600,156.36,156.4,156.212,156.247,1888,9,0,156.3433051667638,156.38204261432202,156.41233309259695,156.13130488852647
2025-01-23 15:00:00,1737644400,156.248,156.455,156.148,156.396,2071,9,0,156.35501512970518,156.38403652656174,156.41084826599723,156.1339386707302
2025-01-23 15:30:00,1737646200,156.395,156.471,156.147,156.166,2632,9,0,156.31301176754846,156.35288845133863,156.38858933272473,156.13425768893188
2025-01-23 16:00:00,1737648000,156.165,156.39,155.961,155.964,6685,9,0,156.23545359698213,156.29733295829024,156.34999030247704,156.13256358257436
2025-01-23 16:30:00,1737649800,155.966,156.059,155.86,156.005,3403,9,0,156.18424168654167,156.2555711071059,156.3186275477064,156.1312942931955
2025-01-23 17:00:00,1737651600,156.003,156.125,156.001,156.076,2017,9,0,156.1601879784213,156.22991809180508,156.2965704979149,156.13074410122343
2025-01-23 17:30:00,1737653400,156.073,156.073,155.876,155.914,1548,9,0,156.10547953877213,156.1847869358329,156.26179136174082,156.1285874434998
2025-01-23 18:00:00,1737655200,155.914,155.982,155.872,155.975,1206,9,0,156.07648408571166,156.15481737357106,156.2357194197644,156.12705921023118
2025-01-23 18:30:00,1737657000,155.975,155.997,155.92,155.994,1032,9,0,156.05815428888684,156.1318434630609,156.21374492705854,156.12573523799009
2025-01-23 19:00:00,1737658800,155.994,156.032,155.89,155.904,1064,9,0,156.02389778024533,156.09929439690936,156.18558629732595,156.12352891721406
2025-01-23 19:30:00,1737660600,155.903,155.916,155.738,155.801,1157,9,0,155.9743649401908,156.0566809116366,156.15062390665994,156.12031967425673
2025-01-23 20:00:00,1737662400,155.801,155.846,155.75,155.846,990,9,0,155.9458393979262,156.02658363854565,156.1229308242363,156.11759012525914
2025-01-23 20:30:00,1737664200,155.848,155.955,155.814,155.951,1192,9,0,155.94698619838704,156.01578597589625,156.10730074930572,156.1159325120725
2025-01-23 21:00:00,1737666000,155.937,156.039,155.937,156.013,497,9,0,155.9616559320788,156.01538797933964,156.09872795391428,156.11490830797229
2025-01-23 21:30:00,1737667800,156.012,156.061,156.0,156.034,303,9,0,155.97773239161685,156.01804683943396,156.09284359446752,156.11410325018153
2025-01-23 22:00:00,1737669600,156.019,156.043,155.942,156.01,193,38,0,155.98490297125755,156.0168972909434,156.08531235860684,156.1130673969459
2025-01-23 22:30:00,1737671400,156.009,156.024,155.964,156.021,283,38,0,155.99292453320032,156.0174833922372,156.0794657805517,156.11215130344397
2025-01-23 23:00:00,1737673200,156.032,156.04,155.944,155.98,541,9,0,155.99005241471136,156.0121286219176,156.07042343686518,156.11083636510125
2025-01-23 23:30:00,1737675000,155.98,156.171,155.945,156.135,823,9,0,156.02226298921994,156.0296816759294,156.0762940335138,156.11107679927935
2025-01-24 00:00:00,1737676800,156.134,156.174,156.005,156.12,1824,9,0,156.04398232494884,156.04258429365376,156.08026730319435,156.11116558734622
2025-01-24 00:30:00,1737678600,156.128,156.275,156.049,156.242,1861,9,0,156.087986252738,156.07107225170324,156.09497027563123,156.112467422298
2025-01-24 01:00:00,1737680400,156.24,156.26,156.135,156.215,1377,9,0,156.11621152990733,156.09163335860276,156.10588206875565,156.11348764695177
2025-01-24 01:30:00,1737682200,156.213,156.35,156.213,156.305,1352,9,0,156.15816452326126,156.1221143073738,156.12398369886878,156.1153932425045
2025-01-24 02:00:00,1737684000,156.308,156.369,156.176,156.215,2430,9,0,156.17079462920321,156.13538369203468,156.1322579080625,156.11638435451937
2025-01-24 02:30:00,1737685800,156.217,156.222,155.89,155.978,2102,9,0,156.12795137826916,156.11290030745832,156.118234461875,156.11500739576792
2025-01-24 03:00:00,1737687600,155.978,156.414,155.809,155.885,5502,9,0,156.07396218309825,156.08034312067855,156.09703132897727,156.11271876496426
2025-01-24 03:30:00,1737689400,155.883,156.038,155.425,155.48,7511,9,0,155.94197058685418,155.99457981772449,156.0409375717975,156.10642305586015
2025-01-24 04:00:00,1737691200,155.483,155.511,155.001,155.117,4921,9,0,155.75864378977548,155.8692112723353,155.95694324708865,156.0965780503292
2025-01-24 04:30:00,1737693000,155.118,155.293,155.048,155.223,2891,9,0,155.63961183649204,155.7768953762874,155.89022113371695,156.08788573142047
2025-01-24 05:00:00,1737694800,155.223,155.347,155.1,155.339,2563,9,0,155.57280920616046,155.71433889396064,155.84011012156085,156.08043413210285
2025-01-24 05:30:00,1737696600,155.342,155.464,155.292,155.355,2356,9,0,155.524407160347,155.663004766252,155.79600920141897,156.07321588203217
2025-01-24 06:00:00,1737698400,155.353,155.392,155.164,155.223,2560,9,0,155.457427791381,155.6001469425017,155.74391745583543,156.06475602250947
2025-01-24 06:30:00,1737700200,155.225,155.738,154.837,155.356,12573,9,0,155.43488828218523,155.56526880785862,155.70865223257766,156.05770372377805
2025-01-24 07:00:00,1737702000,155.359,155.638,155.221,155.384,6799,9,0,155.42357977503295,155.53937326387882,155.6791383932524,156.05100020413846
2025-01-24 07:30:00,1737703800,155.382,155.566,155.295,155.381,3750,9,0,155.4141176028034,155.51674851189614,155.65203490295673,156.04433353544056
2025-01-24 08:00:00,1737705600,155.38,155.437,154.933,155.071,4579,9,0,155.33786924662488,155.45307015305383,155.59921354814247,156.03464862464014
2025-01-24 08:30:00,1737707400,155.073,155.447,155.073,155.376,3423,9,0,155.3463427473749,155.44206013118898,155.57892140740225,156.02809490698203
2025-01-24 09:00:00,1737709200,155.376,155.399,155.115,155.276,3113,9,0,155.33071102573604,155.41833725530483,155.55138309763842,156.0206113755693
2025-01-24 09:30:00,1737711000,155.274,155.623,155.266,155.581,2977,9,0,155.3863307977947,155.44157479026128,155.55407554330765,156.01623713302632
2025-01-24 10:00:00,1737712800,155.579,155.874,155.547,155.77,2636,9,0,155.471590620507,155.48849267736682,155.57370503937057,156.0137870122997
2025-01-24 10:30:00,1737714600,155.769,155.961,155.769,155.905,2308,9,0,155.56790381594988,155.54799372345727,155.60382276306416,156.0127045544659
2025-01-24 11:00:00,1737716400,155.905,156.095,155.897,155.936,2213,9,0,155.64970296796102,155.6034231915348,155.63402069369468,156.01194132506825
2025-01-24 11:30:00,1737718200,155.939,156.106,155.903,156.092,1934,9,0,155.747991197303,155.6732198784584,155.67565517608608,156.01273792879894
2025-01-24 12:00:00,1737720000,156.093,156.292,156.061,156.081,2155,9,0,155.8219931534579,155.7314741815358,155.7125047055328,156.01341715338802
2025-01-24 12:30:00,1737721800,156.083,156.474,156.08,156.455,2374,9,0,155.96266134157838,155.83483501274495,155.7800042777571,156.0178110125583
2025-01-24 13:00:00,1737723600,156.455,156.573,156.281,156.333,3713,9,0,156.04495882122762,155.9060014394957,155.83027661614278,156.02094722138858
2025-01-24 13:30:00,1737725400,156.331,156.381,156.238,156.317,2521,9,0,156.10541241651038,155.96471551956773,155.8745241964934,156.02389302018074
2025-01-24 14:00:00,1737727200,156.319,156.456,156.191,156.413,3485,9,0,156.1737652128414,156.0287561596295,155.9234765422667,156.02776473142274
2025-01-24 14:30:00,1737729000,156.411,156.484,156.131,156.309,4277,9,0,156.20381738776553,156.06879099396815,155.95852412933337,156.0305630923041
2025-01-24 15:00:00,1737730800,156.312,156.388,155.853,155.909,4766,9,0,156.13830241270654,156.04596370911554,155.95402193575762,156.0293535092961
2025-01-24 15:30:00,1737732600,155.909,155.947,155.628,155.726,3837,9,0,156.0466796543273,156.00025460781333,155.93329266887056,156.02633506641752
2025-01-24 16:00:00,1737734400,155.726,155.808,155.657,155.673,2920,9,0,155.96363973114347,155.9535039495543,155.90962969897322,156.0228192946124
2025-01-24 16:30:00,1737736200,155.672,155.773,155.572,155.579,2262,9,0,155.87816423533383,155.90000338533224,155.879572453612,156.01840318222818
2025-01-24 17:00:00,1737738000,155.582,155.673,155.511,155.653,1881,9,0,155.82812773859297,155.86471718742763,155.8589749578291,156.01476732966873
2025-01-24 17:30:00,1737739800,155.653,155.752,155.612,155.74,1157,9,0,155.80854379668344,155.84690044636656,155.8481590525719,156.01203332638846
2025-01-24 18:00:00,1737741600,155.74,155.853,155.721,155.839,1462,9,0,155.8153118418649,155.84577181117135,155.847326411429,156.0103116017478
2025-01-24 18:30:00,1737743400,155.839,156.021,155.824,155.932,1175,9,0,155.8412425436727,155.85809012386113,155.85502401039,156.0095323818299
2025-01-24 19:00:00,1737745200,155.932,155.96,155.833,155.842,1046,9,0,155.841410867301,155.85579153473813,155.85384000944543,156.00786539295598
2025-01-24 19:30:00,1737747000,155.842,155.858,155.773,155.817,1043,9,0,155.83598623012298,155.85024988691842,155.85049091767766,156.0059662348171
2025-01-24 20:00:00,1737748800,155.818,155.896,155.813,155.887,895,9,0,155.847322623429,155.85549990307294,155.8538099251615,156.0047824911871
2025-01-24 20:30:00,1737750600,155.887,155.98,155.88,155.902,779,9,0,155.8594731515559,155.86214277406253,155.8581908410559,156.003759779832
2025-01-24 21:00:00,1737752400,155.897,155.942,155.875,155.941,358,9,0,155.8775902289879,155.8734080920536,155.86571894641443,156.0031353044108
2025-01-24 21:30:00,1737754200,155.937,155.991,155.851,155.984,675,9,0,155.9012368447684,155.88920693604595,155.87647176946766,156.00294490337188
2025-01-26 22:00:00,1737928800,155.624,155.709,155.556,155.689,363,61,0,155.85407310148653,155.86060594518224,155.85942888133422,155.9998210734876
2025-01-26 22:30:00,1737930600,155.689,155.775,155.647,155.76,379,38,0,155.83316796782287,155.84623366729906,155.85038989212202,155.9974347941494
2025-01-26 23:00:00,1737932400,155.784,155.808,155.566,155.599,1273,9,0,155.78113064164,155.8109145719706,155.82753626556547,155.99347026883447
2025-01-26 23:30:00,1737934200,155.599,155.778,155.599,155.711,1148,9,0,155.76554605460888,155.79664106168912,155.81694205960497,155.99065961939334
2025-01-27 00:00:00,1737936000,155.718,155.845,155.5,155.515,2417,9,0,155.7098691535847,155.75640662430496,155.78949278145905,155.9859266878571
2025-01-27 00:30:00,1737937800,155.515,155.608,155.391,155.526,2677,9,0,155.669009341677,155.7234913922614,155.7655388922355,155.9813503029033
2025-01-27 01:00:00,1737939600,155.523,155.547,155.283,155.5,2788,9,0,155.63145171019323,155.69156405050978,155.74139899294136,155.97656074765052
2025-01-27 01:30:00,1737941400,155.498,155.599,155.391,155.479,2592,9,0,155.59757355237252,155.66119775757983,155.71754453903762,155.97160989444006
2025-01-27 02:00:00,1737943200,155.482,155.627,155.408,155.559,1662,9,0,155.5890016518453,155.64659807792557,155.7031313991251,155.96750432335114
2025-01-27 02:30:00,1737945000,155.562,155.663,155.562,155.632,1511,9,0,155.59855684032414,155.64451263822193,155.69666490829553,155.96416597187502
2025-01-27 03:00:00,1737946800,155.632,155.752,155.615,155.723,1750,9,0,155.62621087580766,155.65572511847597,155.69905900754136,155.96176631046333
2025-01-27 03:30:00,1737948600,155.726,155.872,155.701,155.792,1476,9,0,155.66305290340597,155.67519295869369,155.70750818867396,155.9600770934438
2025-01-27 04:00:00,1737950400,155.792,155.945,155.785,155.923,1191,9,0,155.7208189248713,155.71059396459458,155.72709835333995,155.9597081671409
2025-01-27 04:30:00,1737952200,155.923,156.054,155.917,156.014,1113,9,0,155.7859702748999,155.75393768393823,155.75318032121814,155.96024838438328
2025-01-27 05:00:00,1737954000,156.015,156.093,155.972,155.994,1384,9,0,155.83219910269992,155.78823230051847,155.7750730192892,155.9605842213546
2025-01-27 05:30:00,1737955800,155.991,156.066,155.934,156.062,1462,9,0,155.8832659687666,155.82734197187298,155.80115729026292,155.9615933335799
2025-01-27 06:00:00,1737957600,156.063,156.245,156.062,156.071,2153,9,0,155.92498464237403,155.86215026160542,155.82568844569357,155.9626819571264
2025-01-27 06:30:00,1737959400,156.071,156.143,155.972,155.99,1827,9,0,155.93943249962425,155.8804145099475,155.84062585972143,155.96295377844854
2025-01-27 07:00:00,1737961200,155.992,155.994,155.746,155.788,2556,9,0,155.9057808330411,155.8672124370979,155.83584169065585,155.96121294483214
2025-01-27 07:30:00,1737963000,155.785,155.893,155.679,155.881,2539,9,0,155.9002739812542,155.86918208894105,155.83994699150531,155.9604148060776
2025-01-27 08:00:00,1737964800,155.88,155.907,155.341,155.416,3738,9,0,155.79265754097548,155.8044417905209,155.8014063559139,155.95499774333058
2025-01-27 08:30:00,1737966600,155.419,155.42,155.048,155.131,3269,9,0,155.64562253186983,155.7082358204465,155.7404603235581,155.94679876080988
2025-01-27 09:00:00,1737968400,155.132,155.185,154.46,154.706,6108,9,0,155.43681752478764,155.56505927466844,155.6464184759619,155.93445250448343
2025-01-27 09:30:00,1737970200,154.708,154.879,154.552,154.599,4187,9,0,155.25063585261262,155.42705080685866,155.5511986145108,155.9211644198617
2025-01-27 10:00:00,1737972000,154.596,154.596,153.974,154.087,6434,9,0,154.9920501075876,155.23561497730742,155.41808964955527,155.90291402762426
2025-01-27 10:30:00,1737973800,154.084,154.146,153.732,153.972,6605,9,0,154.76537230590148,155.0550985519778,155.28662695414116,155.88370095272253
2025-01-27 11:00:00,1737975600,153.971,154.062,153.76,153.857,6191,9,0,154.56351179347894,154.883941615981,155.15666086740103,155.8635347740885
2025-01-27 11:30:00,1737977400,153.859,154.085,153.709,153.958,4806,9,0,154.42895361715028,154.75166424226944,155.04769169763728,155.8445742290727
2025-01-27 12:00:00,1737979200,153.957,154.225,153.86,154.205,4339,9,0,154.37918614667245,154.6735693505167,154.97108336148844,155.82826005763914
2025-01-27 12:30:00,1737981000,154.202,154.227,153.891,154.038,4197,9,0,154.30336700296746,154.58277372901432,154.88625760135312,155.81044652472733
2025-01-27 13:00:00,1737982800,154.041,154.44,153.893,154.427,4760,9,0,154.33084100230803,154.56052033915515,154.84450691032103,155.79668088766536
2025-01-27 13:30:00,1737984600,154.429,154.457,154.055,154.198,4207,9,0,154.3013207795729,154.50873171927586,154.7857335548373,155.78077361515128
2025-01-27 14:00:00,1737986400,154.201,154.267,153.949,154.057,4761,9,0,154.24702727300115,154.44419861652216,154.7194850498521,155.76362163888112
2025-01-27 14:30:00,1737988200,154.06,154.388,154.053,154.367,5620,9,0,154.2736878790009,154.4331702427333,154.687440954411,155.74972490615593
2025-01-27 15:00:00,1737990000,154.362,154.49,154.229,154.427,4840,9,0,154.30775723922292,154.4322887794857,154.66376450400998,155.73656346430363
2025-01-27 15:30:00,1737991800,154.428,154.68,154.324,154.342,4392,9,0,154.31536674161782,154.41939038241634,154.63451318546362,155.7226872109275
2025-01-27 16:00:00,1737993600,154.341,154.42,154.104,154.116,3680,9,0,154.27106302125833,154.37604889921403,154.58737562314874,155.70670027350533
2025-01-27 16:30:00,1737995400,154.117,154.334,154.096,154.227,3411,9,0,154.26127123875648,154.35475619932632,154.5546142028625,155.6919768876993
2025-01-27 17:00:00,1737997200,154.229,154.379,154.168,154.35,2856,9,0,154.28098874125504,154.3540767422797,154.53601291169318,155.6786238838416
2025-01-27 17:30:00,1737999000,154.351,154.428,154.234,154.292,2554,9,0,154.28343568764282,154.34520863623973,154.51382991972105,155.66482663126607
2025-01-27 18:00:00,1738000800,154.292,154.441,154.219,154.439,2633,9,0,154.3180055348333,154.3586074024912,154.50702719974637,155.652629351353
2025-01-27 18:30:00,1738002600,154.438,154.584,154.369,154.426,2359,9,0,154.34200430487033,154.36823491642104,154.49966109067853,155.64042408417538
2025-01-27 19:00:00,1738004400,154.427,154.668,154.427,154.646,1951,9,0,154.40955890378802,154.4079156426466,154.51296462788957,155.63052931716868
2025-01-27 19:30:00,1738006200,154.647,154.72,154.462,154.54,2113,9,0,154.43854581405736,154.42678483655425,154.51542238899052,155.61967827918693
2025-01-27 20:00:00,1738008000,154.54,154.679,154.529,154.632,1673,9,0,154.48153563315572,154.45610128847505,154.52602035362773,155.6098506346179
2025-01-27 20:30:00,1738009800,154.632,154.694,154.559,154.58,1729,9,0,154.50341660356554,154.4738011044072,154.53092759420704,155.59960336462171
2025-01-27 21:00:00,1738011600,154.579,154.65,154.496,154.5,728,9,0,154.50265735832875,154.47754380377762,154.52811599473367,155.58866203761056
2025-01-27 21:30:00,1738013400,154.5,154.524,154.444,154.493,591,9,0,154.50051127870012,154.4797518318094,154.52492363157606,155.5777599277836
2025-01-27 22:00:00,1738015200,154.488,154.504,154.349,154.491,283,38,0,154.4983976612112,154.4813587129795,154.52183966506914,155.56694639616387
2025-01-27 22:30:00,1738017000,154.486,154.538,154.461,154.514,338,38,0,154.50186484760872,154.48602175398244,154.5211269682447,155.5564693175951
2025-01-27 23:00:00,1738018800,154.535,154.971,154.507,154.908,1779,9,0,154.59211710369567,154.54630436055638,154.5562972438588,155.55001688657424
2025-01-27 23:30:00,1738020600,154.909,154.965,154.754,154.911,2205,9,0,154.66297996954108,154.59840373761975,154.58854294896253,155.5436585095934
2025-01-28 00:00:00,1738022400,154.915,155.143,154.796,155.093,4331,9,0,154.75853997630972,154.66906034653124,154.63440268087504,155.53917434531886
2025-01-28 00:30:00,1738024200,155.094,155.155,154.899,155.143,3077,9,0,154.84397553712978,154.73676601131248,154.6806388007955,155.53523231203212
2025-01-28 01:00:00,1738026000,155.145,155.469,155.116,155.392,3589,9,0,154.96575875110094,154.83037086683927,154.74530800072318,155.53380711489748
2025-01-28 01:30:00,1738027800,155.392,155.638,155.25,155.484,3138,9,0,155.0809234730785,154.9237464572908,154.81246181883927,155.53331152171444
2025-01-28 02:00:00,1738029600,155.486,155.634,155.442,155.526,3343,9,0,155.17982936794996,155.00978267767783,154.8773289262175,155.5332387702546
2025-01-28 02:30:00,1738031400,155.525,155.669,155.397,155.55,2575,9,0,155.26208950840552,155.0869565808667,154.9384808420159,155.53340554866003
2025-01-28 03:00:00,1738033200,155.549,155.721,155.485,155.69,1725,9,0,155.35718072875986,155.1731056407429,155.006800765469,155.5349637024047
2025-01-28 03:30:00,1738035000,155.689,155.742,155.498,155.732,2025,9,0,155.44047390014657,155.25294769206536,155.07272796860818,155.5369242625798
2025-01-28 04:00:00,1738036800,155.733,155.943,155.717,155.861,1952,9,0,155.53392414455845,155.33981230748458,155.14438906237106,155.540148896783
2025-01-28 04:30:00,1738038600,155.863,155.893,155.76,155.786,1634,9,0,155.58994100132324,155.40355340641537,155.20271732942822,155.542595176417
2025-01-28 05:00:00,1738040400,155.786,155.829,155.652,155.69,1463,9,0,155.61217633436252,155.44447434835604,155.24701575402565,155.5440618910795
2025-01-28 05:30:00,1738042200,155.692,155.753,155.647,155.698,1185,9,0,155.63124826005975,155.4806922985909,155.2880143218415,155.54559361355632
2025-01-28 06:00:00,1738044000,155.696,155.705,155.515,155.561,2297,9,0,155.61563753560205,155.49216482736364,155.31283120167407,155.54574691093387
2025-01-28 06:30:00,1738045800,155.56,155.845,155.56,155.767,1666,9,0,155.6492736388016,155.53142699488313,155.35411927424917,155.54794843420817
2025-01-28 07:00:00,1738047600,155.767,155.821,155.67,155.773,2460,9,0,155.67676838573456,155.56593742418553,155.39219934022654,155.55018775327076
2025-01-28 07:30:00,1738049400,155.774,155.977,155.765,155.859,2284,9,0,155.71726430001576,155.60780350644475,155.43463576384232,155.55326051194467
2025-01-28 08:00:00,1738051200,155.859,155.93,155.55,155.666,3495,9,0,155.7058722333456,155.61611729123837,155.4556688762203,155.5543822978955
2025-01-28 08:30:00,1738053000,155.667,155.767,155.568,155.728,2879,9,0,155.71078951482434,155.63210053534718,155.48042625110935,155.55610983721994
2025-01-28 09:00:00,1738054800,155.727,155.817,155.547,155.581,2901,9,0,155.68194740041892,155.624800458869,155.4895693191903,155.5563575005312
2025-01-28 09:30:00,1738056600,155.578,155.591,155.25,155.442,3688,9,0,155.6286257558814,155.598686107602,155.48524483562755,155.55521961495378
2025-01-28 10:00:00,1738058400,155.445,155.496,155.321,155.321,1742,9,0,155.56026447679665,155.55901666365884,155.47031348693415,155.5528890715214
2025-01-28 10:30:00,1738060200,155.322,155.472,155.204,155.47,1908,9,0,155.54020570417518,155.54629999742187,155.47028498812193,155.5520643046406
2025-01-28 11:00:00,1738062000,155.473,155.495,155.298,155.312,1365,9,0,155.4894933254696,155.51282856921875,155.45589544374718,155.54967560509195
2025-01-28 11:30:00,1738063800,155.312,155.435,155.244,155.434,1450,9,0,155.47716147536522,155.50156734504466,155.45390494886107,155.54852460404626
2025-01-28 12:00:00,1738065600,155.434,155.481,155.308,155.386,2123,9,0,155.4569033697285,155.485057724324,155.44773177169188,155.546907443807
2025-01-28 12:30:00,1738067400,155.385,155.431,155.25,155.273,1921,9,0,155.41603595423328,155.4547637637063,155.43184706517442,155.54418199660495
2025-01-28 13:00:00,1738069200,155.273,155.428,155.243,155.311,2468,9,0,155.39269463107033,155.43422608317684,155.42086096834038,155.54186177773326
2025-01-28 13:30:00,1738071000,155.314,155.563,155.213,155.488,2853,9,0,155.41387360194358,155.44190807129445,155.42696451667308,155.54132583964636
2025-01-28 14:00:00,1738072800,155.488,155.561,155.383,155.466,2466,9,0,155.42545724595612,155.44534977539524,155.4305131969755,155.5405763288041
2025-01-28 14:30:00,1738074600,155.468,155.5,155.043,155.293,3779,9,0,155.39602230241033,155.42358552176736,155.41801199725046,155.53811288274633
2025-01-28 15:00:00,1738076400,155.29,155.637,155.211,155.57,3366,9,0,155.43468401298583,155.4445018758006,155.43182908840953,155.5384301674951
2025-01-28 15:30:00,1738078200,155.573,155.741,155.467,155.71,2798,9,0,155.49586534343342,155.48243017925768,155.45711735309956,155.5401373300076
2025-01-28 16:00:00,1738080000,155.713,155.756,155.595,155.598,2346,9,0,155.51856193378154,155.49894015364944,155.46992486645414,155.54071307796775
2025-01-28 16:30:00,1738081800,155.599,155.698,155.576,155.653,1840,9,0,155.54843705960786,155.52094870312808,155.48656806041285,155.54183036077407
2025-01-28 17:00:00,1738083600,155.653,155.687,155.612,155.672,1335,9,0,155.57589549080612,155.54252745982407,155.5034255094662,155.54312558106488
2025-01-28 17:30:00,1738085400,155.672,155.697,155.548,155.603,1255,9,0,155.58191871507142,155.55116639413495,155.51247773587838,155.54372134642745
2025-01-28 18:00:00,1738087200,155.601,155.644,155.538,155.555,1245,9,0,155.5759367783889,155.5517140521157,155.5163433962531,155.54383357183613
2025-01-28 18:30:00,1738089000,155.555,155.679,155.514,155.678,1184,9,0,155.59861749430246,155.56975490181347,155.53103945113915,155.5451685611711
2025-01-28 19:00:00,1738090800,155.679,155.724,155.609,155.628,1106,9,0,155.60514694001301,155.57807563012582,155.53985404649012,155.54599275459228
2025-01-28 19:30:00,1738092600,155.629,155.649,155.502,155.533,936,9,0,155.5891142866768,155.57163625439355,155.53923095135465,155.54586347345207
2025-01-28 20:00:00,1738094400,155.532,155.597,155.509,155.54,1009,9,0,155.5782000007486,155.5671167894802,155.53930086486784,155.54580513043265
2025-01-28 20:30:00,1738096200,155.541,155.549,155.487,155.516,907,9,0,155.56437777836004,155.55981439098304,155.5371826044253,155.54550856197065
2025-01-28 21:00:00,1738098000,155.499,155.532,155.491,155.531,470,9,0,155.55696049428002,155.55569804941405,155.53662054947753,155.54536419816995
2025-01-28 21:30:00,1738099800,155.53,155.556,155.472,155.504,555,9,0,155.54519149555114,155.54831261378348,155.53365504497958,155.54495261410858
2025-01-28 22:00:00,1738101600,155.488,155.521,155.44,155.502,196,38,0,155.53559338542865,155.5416965261001,155.5307773136178,155.54452522491349
2025-01-28 22:30:00,1738103400,155.503,155.538,155.434,155.513,157,38,0,155.53057263311118,155.53759702237153,155.529161194198,155.54421154108348
2025-01-28 23:00:00,1738105200,155.538,155.595,155.505,155.545,520,9,0,155.53377871464204,155.53865459060418,155.53060108563452,155.54421938644583
2025-01-28 23:30:00,1738107000,155.546,155.608,155.515,155.559,651,9,0,155.53938344472158,155.54156107766073,155.5331828051223,155.54436645722748
2025-01-29 00:00:00,1738108800,155.561,155.631,155.428,155.582,1620,9,0,155.54885379033902,155.54733806656634,155.53762073192934,155.54474092033965
2025-01-29 00:30:00,1738110600,155.582,155.646,155.493,155.629,2094,9,0,155.56666405915257,155.55900405705685,155.5459279381176,155.54557931914226
2025-01-29 01:00:00,1738112400,155.627,155.788,155.586,155.669,1799,9,0,155.5894053793409,155.5747177631916,155.55711630737963,155.54680738561845
2025-01-29 01:30:00,1738114200,155.666,155.716,155.636,155.71,1128,9,0,155.6162041839318,155.59404379702138,155.57101482489057,155.54843119272675
2025-01-29 02:00:00,1738116000,155.711,155.777,155.585,155.612,1361,9,0,155.61526992083586,155.59660896887547,155.5747407499005,155.54906371817225
2025-01-29 02:30:00,1738117800,155.614,155.651,155.586,155.621,1107,9,0,155.61654327176123,155.60009340189328,155.5789461362732,155.54977950207103
2025-01-29 03:00:00,1738119600,155.619,155.62,155.441,155.442,1138,9,0,155.57775587803653,155.57750863019425,155.5664964875211,155.54870706921463
2025-01-29 03:30:00,1738121400,155.442,155.463,155.32,155.422,1852,9,0,155.5431434606951,155.5552931115951,155.553360443201,155.54744630235678
2025-01-29 04:00:00,1738123200,155.422,155.433,155.308,155.365,1144,9,0,155.50355602498507,155.52810838136722,155.53623676654635,155.54563091626366
2025-01-29 04:30:00,1738125000,155.366,155.375,155.226,155.293,1201,9,0,155.4567657972106,155.49452146974332,155.51412433322395,155.54311717580333
2025-01-29 05:00:00,1738126800,155.293,155.298,155.144,155.166,1299,9,0,155.39215117560826,155.44758983120855,155.4824766665672,155.53936476609385
2025-01-29 05:30:00,1738128600,155.167,155.182,154.997,155.012,1641,9,0,155.3076731365842,155.38536271246448,155.43970606051565,155.53411735548596
2025-01-29 06:00:00,1738130400,155.012,155.217,154.998,155.215,2043,9,0,155.28707910623217,155.36102518211243,155.4192782368324,155.53094205841646
2025-01-29 06:30:00,1738132200,155.215,155.315,155.211,155.218,1643,9,0,155.27172819373612,155.34059301323924,155.40098021530218,155.52782820708893
2025-01-29 07:00:00,1738134000,155.218,155.328,155.132,155.28,2242,9,0,155.2735663729059,155.33193686849077,155.38998201391107,155.5253622547796
2025-01-29 07:30:00,1738135800,155.281,155.404,155.168,155.283,2817,9,0,155.27566273448235,155.3249458872778,155.38025637628277,155.52295069005544
2025-01-29 08:00:00,1738137600,155.286,155.333,155.004,155.215,2888,9,0,155.2621821268196,155.3092393319524,155.365233069348,155.51988650408475
2025-01-29 08:30:00,1738139400,155.215,155.253,155.106,155.147,2336,9,0,155.23658609863747,155.28606228453066,155.34539369940725,155.51617619061128
2025-01-29 09:00:00,1738141200,155.148,155.308,155.085,155.276,2083,9,0,155.2453447433847,155.284624815312,155.33908518127933,155.51378637776938
2025-01-29 09:30:00,1738143000,155.275,155.36,155.166,155.341,1862,9,0,155.26660146707698,155.29267841312455,155.3392592557085,155.5120671103289
2025-01-29 10:00:00,1738144800,155.339,155.451,155.328,155.371,1431,9,0,155.28980114105988,155.3038672112496,155.34214477791681,155.5106634574898
2025-01-29 10:30:00,1738146600,155.37,155.409,155.315,155.384,1319,9,0,155.31073422082434,155.31531475249966,155.34594979810618,155.50940312457948
2025-01-29 11:00:00,1738148400,155.383,155.41,155.32,155.37,1270,9,0,155.3239043939745,155.32312693071398,155.34813618009653,155.5080160288125
2025-01-29 11:30:00,1738150200,155.373,155.519,155.373,155.419,1533,9,0,155.34503675086904,155.33682308346914,155.35457834554228,155.50713029718256
2025-01-29 12:00:00,1738152000,155.417,155.495,155.318,155.435,1655,9,0,155.36502858400925,155.35084835725928,155.36188940503843,155.50641258278273
2025-01-29 12:30:00,1738153800,155.438,155.442,155.333,155.36,1692,9,0,155.3639111208961,155.35215573479368,155.36171764094402,155.504955741163
2025-01-29 13:00:00,1738155600,155.36,155.425,155.291,155.358,2294,9,0,155.36259753847474,155.35299062982315,155.36137967358545,155.50349349498228
2025-01-29 13:30:00,1738157400,155.355,155.462,155.25,155.417,2098,9,0,155.37468697436924,155.3621348255627,155.36643606689586,155.50263286319142
2025-01-29 14:00:00,1738159200,155.416,155.442,155.355,155.42,1687,9,0,155.3847565356205,155.37040127905374,155.37130551535986,155.50181064564723
2025-01-29 14:30:00,1738161000,155.42,155.438,155.168,155.192,2392,9,0,155.34192174992705,155.34491538204605,155.3550050139635,155.4987279526557
2025-01-29 15:00:00,1738162800,155.194,155.321,155.042,155.148,2579,9,0,155.29882802772104,155.31678461318234,155.33618637633046,155.49523812228105
2025-01-29 15:30:00,1738164600,155.149,155.225,154.936,155.006,3048,9,0,155.23375513267194,155.27238681129916,155.3061694330277,155.49037008126334
2025-01-29 16:00:00,1738166400,155.005,155.127,154.968,155.074,2630,9,0,155.19825399207818,155.24404583825643,155.28506312093424,155.48622709538012
2025-01-29 16:30:00,1738168200,155.074,155.239,155.045,155.22,1758,9,0,155.20308643828304,155.2406107185055,155.27914829175842,155.48357806955545
2025-01-29 17:00:00,1738170000,155.22,155.231,155.112,155.15,1871,9,0,155.19128945199793,155.22766633014757,155.26740753796219,155.48025888478375
2025-01-29 17:30:00,1738171800,155.15,155.179,155.049,155.054,1231,9,0,155.1607806848873,155.2028568544122,155.2480068526929,155.47601750284562
2025-01-29 18:00:00,1738173600,155.053,155.146,154.999,155.013,1661,9,0,155.1279405326901,155.17573444663904,155.22664259335716,155.47141036351383
2025-01-29 18:30:00,1738175400,155.013,155.168,155.001,155.149,1386,9,0,155.13262041431454,155.17191523997633,155.21958417577923,155.4682023001953
2025-01-29 19:00:00,1738177200,155.151,155.488,155.12,155.385,4316,9,0,155.18870476668909,155.2023559199797,155.2346219779811,155.46737441661128
2025-01-29 19:30:00,1738179000,155.387,155.606,155.085,155.241,7114,9,0,155.20032592964708,155.20787650283975,155.23520179816464,155.46512193485395
2025-01-29 20:00:00,1738180800,155.243,155.382,155.096,155.312,4791,9,0,155.2251423897255,155.22275128814837,155.24218345287693,155.46359833351215
2025-01-29 20:30:00,1738182600,155.313,155.384,155.225,155.352,1929,9,0,155.2533329697865,155.24121538984147,155.25216677534266,155.46248790233292
2025-01-29 21:00:00,1738184400,155.344,155.365,155.179,155.238,907,9,0,155.24992564316727,155.24075604843554,155.25087888667514,155.46025419186196
2025-01-29 21:30:00,1738186200,155.237,155.319,155.028,155.056,754,9,0,155.20683105579678,155.21436232723048,155.23316262425013,155.4562317620922
2025-01-29 22:00:00,1738188000,155.033,155.174,154.953,155.158,245,61,0,155.19597971006417,155.20631056619757,155.2263296584092,155.45326428187238
2025-01-29 22:30:00,1738189800,155.169,155.19,155.065,155.145,434,38,0,155.18465088560546,155.19755191388364,155.21893605309927,155.4501969755851
2025-01-29 23:00:00,1738191600,155.192,155.235,155.144,155.156,999,9,0,155.17828402213757,155.191615926186,155.2132145937266,155.44726964249472
2025-01-29 23:30:00,1738193400,155.158,155.179,155.033,155.177,1131,9,0,155.17799868388477,155.18952793673083,155.20992235793327,155.44458039232066
2025-01-30 00:00:00,1738195200,155.176,155.199,154.87,154.887,2618,9,0,155.11333230968816,155.146309660055,155.18056577993931,155.43903232871548
2025-01-30 00:30:00,1738197000,154.885,155.023,154.671,154.717,3607,9,0,155.0252584630908,155.0849797086186,155.13842343630847,155.43184792743475
2025-01-30 01:00:00,1738198800,154.719,154.722,154.457,154.62,3780,9,0,154.9352010268484,155.0185540359588,155.0912940330077,155.42376983860456
2025-01-30 01:30:00,1738200600,154.619,154.686,154.472,154.637,2301,9,0,154.8689341319932,154.96404631653613,155.04999457546154,155.41594128299656
2025-01-30 02:00:00,1738202400,154.639,154.658,154.31,154.326,2924,9,0,154.74828210266136,154.87289684274526,154.98417688678322,155.40509609610106
2025-01-30 02:30:00,1738204200,154.326,154.472,154.278,154.375,2644,9,0,154.6653305242922,154.80176872235307,154.92879716980292,155.39484638370206
2025-01-30 03:00:00,1738206000,154.375,154.452,154.309,154.404,2045,9,0,154.60725707444948,154.7449446191598,154.88108833618446,155.38498721570502
2025-01-30 03:30:00,1738207800,154.401,154.546,154.393,154.523,2202,9,0,154.58853328012736,154.71323824499413,154.84853485107678,155.37641022848408
2025-01-30 04:00:00,1738209600,154.528,154.627,154.476,154.547,1998,9,0,154.57930366232128,154.6894899242807,154.82112259188796,155.3681573903897
2025-01-30 04:30:00,1738211400,154.548,154.677,154.546,154.597,1396,9,0,154.58323618180543,154.6762770779549,154.80074781080722,155.36048418252514
2025-01-30 05:00:00,1738213200,154.596,154.632,154.504,154.563,1352,9,0,154.57873925251533,154.66009463824705,154.77913437346112,155.35254901652988
2025-01-30 05:30:00,1738215000,154.563,154.568,154.411,154.48,1652,9,0,154.5567971964008,154.6343668327832,154.7519403395101,155.34386693676342
2025-01-30 06:00:00,1738216800,154.48,154.73,154.474,154.677,2248,9,0,154.58350893053395,154.64045728524275,154.74512758137283,155.33723144485532
2025-01-30 06:30:00,1738218600,154.675,154.682,154.353,154.431,1716,9,0,154.54961805708194,154.61053481592236,154.71657052852075,155.3282142165483
2025-01-30 07:00:00,1738220400,154.428,154.556,154.364,154.451,2155,9,0,154.52770293328595,154.58774412793346,154.69242775320066,155.31948571688116
2025-01-30 07:30:00,1738222200,154.45,154.632,154.405,154.494,1990,9,0,154.52021339255575,154.57435210965724,154.67438886654605,155.31127192865347
2025-01-30 08:00:00,1738224000,154.498,154.628,154.467,154.56,2865,9,0,154.52905486087667,154.57230180827764,154.66398987867822,155.3037965860798
2025-01-30 08:30:00,1738225800,154.561,154.646,154.431,154.478,2182,9,0,154.51770933623743,154.55883012138085,154.6470817078893,155.2955797046263
2025-01-30 09:00:00,1738227600,154.476,154.588,154.312,154.388,2723,9,0,154.48888503929578,154.53442581832644,154.62352882535393,155.2865490607992
2025-01-30 09:30:00,1738229400,154.391,154.515,154.368,154.446,2230,9,0,154.4793550305634,154.52179355856555,154.60738984123083,155.27818538855243
2025-01-30 10:00:00,1738231200,154.446,154.534,154.348,154.388,1778,9,0,154.4590539126604,154.5026801930562,154.58744531020986,155.2693278224972
2025-01-30 10:30:00,1738233000,154.386,154.496,154.382,154.493,1644,9,0,154.46659748762477,154.5012973083339,154.57885937291806,155.26160316754698
2025-01-30 11:00:00,1738234800,154.495,154.6,154.485,154.561,1690,9,0,154.48757582370817,154.5098262642862,154.57723579356187,155.2546319917505
2025-01-30 11:30:00,1738236600,154.561,154.589,154.42,154.588,1401,9,0,154.50989230732858,154.52099394081677,154.5782143577835,155.24799883760372
2025-01-30 12:00:00,1738238400,154.585,154.593,154.35,154.353,1864,9,0,154.47502735014444,154.49699480641436,154.55774032525773,155.23909337653305
2025-01-30 12:30:00,1738240200,154.353,154.404,154.091,154.152,2245,9,0,154.4032434945568,154.44770983406949,154.52085484114338,155.2282765270153
2025-01-30 13:00:00,1738242000,154.151,154.178,153.957,153.981,3330,9,0,154.3094116068775,154.38103700063098,154.47177712831217,155.21586581530372
2025-01-30 13:30:00,1738243800,153.981,154.262,153.831,153.905,4940,9,0,154.2195423609047,154.31303171482656,154.42025193482925,155.20282237435543
2025-01-30 14:00:00,1738245600,153.907,154.205,153.841,154.172,4333,9,0,154.20897739181478,154.2928843269942,154.3976835771175,155.19256543530713
2025-01-30 14:30:00,1738247400,154.17,154.223,154.009,154.055,4149,9,0,154.17476019363372,154.2589008517093,154.36653052465226,155.18124637624933
2025-01-30 15:00:00,1738249200,154.056,154.056,153.786,153.858,3336,9,0,154.1043690394929,154.20162930146515,154.3203004769566,155.1680797456399
2025-01-30 15:30:00,1738251000,153.858,154.147,153.824,154.13,3439,9,0,154.11006480849449,154.191396544113,154.30300043359688,155.15775059394198
2025-01-30 16:00:00,1738252800,154.133,154.355,154.067,154.335,2980,9,0,154.16005040660684,154.2119113235254,154.30590948508808,155.14956402086796
2025-01-30 16:30:00,1738254600,154.338,154.475,154.275,154.423,1974,9,0,154.2184836495831,154.24206684873607,154.3165540773528,155.142334528123
2025-01-30 17:00:00,1738256400,154.421,154.446,154.298,154.309,2070,9,0,154.23859839412017,154.25162872748805,154.31586734304798,155.13404264227106
2025-01-30 17:30:00,1738258200,154.31,154.366,154.257,154.292,1550,9,0,154.25046541764902,154.2573960521326,154.31369758458905,155.12566410851713
2025-01-30 18:00:00,1738260000,154.292,154.42,154.292,154.417,1259,9,0,154.2874731026159,154.28019661611367,154.32308871326276,155.11861272435277
2025-01-30 18:30:00,1738261800,154.419,154.493,154.331,154.377,1090,9,0,154.30736796870127,154.29402567095457,154.32798973932978,155.11123349326468
2025-01-30 19:00:00,1738263600,154.378,154.378,154.267,154.289,1163,9,0,154.30328619787878,154.29330771796108,154.32444521757253,155.103052065471
2025-01-30 19:30:00,1738265400,154.29,154.303,154.083,154.109,1535,9,0,154.26011148723904,154.26697804396665,154.30485928870232,155.09316100014294
2025-01-30 20:00:00,1738267200,154.107,154.157,153.992,154.045,1265,9,0,154.21230893451926,154.23526689482856,154.2812357170021,155.08273153745495
2025-01-30 20:30:00,1738269000,154.042,154.452,154.028,154.251,5515,9,0,154.22090694907052,154.23751448128164,154.27848701545645,155.0744556017589
2025-01-30 21:00:00,1738270800,154.253,154.434,154.175,154.365,1239,9,0,154.25292762705485,154.2557266982414,154.28635183223312,155.0673963420399
2025-01-30 21:30:00,1738272600,154.358,154.406,154.171,154.254,1041,9,0,154.25316593215376,154.25548002706404,154.28341075657556,155.05930284609923
2025-01-30 22:00:00,1738274400,154.221,154.227,154.034,154.216,295,38,0,154.24490683611958,154.24984002319775,154.27728250597778,155.05091177300372
2025-01-30 22:30:00,1738276200,154.225,154.229,154.116,154.188,281,38,0,154.23226087253744,154.2410057341695,154.26916591452525,155.04232558620765
2025-01-30 23:00:00,1738278000,154.213,154.492,154.199,154.391,1165,9,0,154.2675362341958,154.262433486431,154.2802417404775,155.03584473460361
2025-01-30 23:30:00,1738279800,154.391,154.399,154.058,154.086,1434,9,0,154.22719484881895,154.23722870265516,154.26258340043407,155.0263935432145
2025-01-31 00:00:00,1738281600,154.087,154.252,154.015,154.241,2585,9,0,154.23026266019252,154.23776745941873,154.2606212731219,155.01857868208802
2025-01-31 00:30:00,1738283400,154.24,154.36,154.152,154.306,2966,9,0,154.24709318014976,154.24751496521606,154.264746611929,155.01148834694288
2025-01-31 01:00:00,1738285200,154.309,154.318,153.979,154.021,3955,9,0,154.1968502512276,154.2151556844709,154.24258782902638,155.00163274150066
2025-01-31 01:30:00,1738287000,154.019,154.134,153.909,154.086,3179,9,0,154.1722168620659,154.19670487240364,154.22835257184215,154.9925219679534
2025-01-31 02:00:00,1738288800,154.089,154.214,153.926,154.003,2369,9,0,154.13461311494015,154.16903274777454,154.20786597440193,154.98267597822252
2025-01-31 02:30:00,1738290600,154.004,154.185,153.978,154.173,2124,9,0,154.14314353384233,154.16959949809245,154.2046963403654,154.9746195008273
2025-01-31 03:00:00,1738292400,154.175,154.277,154.15,154.233,1695,9,0,154.16311163743293,154.17865671265068,154.20726940033217,154.96724020231161
2025-01-31 03:30:00,1738294200,154.233,154.42,154.213,154.351,1852,9,0,154.20486460689227,154.20327718227202,154.2203358184838,154.96110845900503
2025-01-31 04:00:00,1738296000,154.354,154.404,154.314,154.316,1626,9,0,154.2295613609162,154.21938044194744,154.229032562258,154.9546894693632
2025-01-31 04:30:00,1738297800,154.314,154.441,154.311,154.433,1302,9,0,154.27476994737924,154.24989752166925,154.24757505659818,154.94949852936952
2025-01-31 05:00:00,1738299600,154.435,154.702,154.431,154.695,1906,9,0,154.36815440351717,154.31348359000222,154.28825005145288,154.9469662056942
2025-01-31 05:30:00,1738301400,154.698,154.875,154.668,154.716,3103,9,0,154.4454534249578,154.3709859342876,154.3271364104117,154.94466803449328
2025-01-31 06:00:00,1738303200,154.715,154.93,154.639,154.7,2923,9,0,154.50201933052273,154.4179879436751,154.36103310037427,154.94223352668737
2025-01-31 06:30:00,1738305000,154.698,154.768,154.644,154.687,1804,9,0,154.5431261459621,154.4564182374358,154.39066645488572,154.9396938896059
2025-01-31 07:00:00,1738306800,154.688,154.762,154.576,154.671,2185,9,0,154.57154255797053,154.48707277494498,154.4161513226234,154.93702031856506
2025-01-31 07:30:00,1738308600,154.67,154.752,154.577,154.648,2534,9,0,154.58853310064376,154.51006237852428,154.43722847511216,154.93414449449975
2025-01-31 08:00:00,1738310400,154.65,154.807,154.552,154.635,2932,9,0,154.59885907827848,154.52791061016367,154.45520770464742,154.9311679323654
2025-01-31 08:30:00,1738312200,154.635,154.765,154.551,154.588,2525,9,0,154.59644594977215,154.53649480871172,154.46727973149765,154.92775332607323
2025-01-31 09:00:00,1738314000,154.586,154.607,154.48,154.593,2877,9,0,154.5956801831561,154.54456697889577,154.47870884681603,154.92442244720684
2025-01-31 09:30:00,1738315800,154.593,154.716,154.529,154.716,1816,9,0,154.62241792023252,154.56905741048212,154.50028076983276,154.92234859201076
2025-01-31 10:00:00,1738317600,154.716,154.779,154.675,154.718,1673,9,0,154.64365838240306,154.59033492327038,154.52007342712068,154.92031527268728
2025-01-31 10:30:00,1738319400,154.719,154.745,154.67,154.67,1363,9,0,154.64951207520238,154.60171564851746,154.53370311556424,154.91782457345658
2025-01-31 11:00:00,1738321200,154.671,154.733,154.6,154.684,1497,9,0,154.65717605849073,154.6134705558721,154.54736646869475,154.91549796078536
2025-01-31 11:30:00,1738323000,154.684,154.853,154.647,154.84,1409,9,0,154.69780360104835,154.64583190503325,154.57396951699522,154.91474673729496
2025-01-31 12:00:00,1738324800,154.84,154.869,154.756,154.861,1604,9,0,154.73406946748204,154.6765702043142,154.60006319726835,154.91421194388903
2025-01-31 12:30:00,1738326600,154.858,154.891,154.789,154.824,1523,9,0,154.75405403026383,154.69763160369791,154.6204210884258,154.91331431260656
2025-01-31 13:00:00,1738328400,154.822,154.907,154.744,154.784,2597,9,0,154.7607086902052,154.70996994602677,154.63529189856888,154.9120276030284
2025-01-31 13:30:00,1738330200,154.782,155.018,154.732,154.795,3483,9,0,154.7683289812707,154.7221170965944,154.64981081688077,154.91086314926696
2025-01-31 14:00:00,1738332000,154.792,154.972,154.75,154.853,2965,9,0,154.78714476321056,154.74081465422378,154.6682825608007,154.91028739653794
2025-01-31 14:30:00,1738333800,154.855,154.914,154.556,154.619,2923,9,0,154.7497792602749,154.72341256076325,154.66380232800063,154.90738901448285
2025-01-31 15:00:00,1738335600,154.617,154.708,154.524,154.571,3474,9,0,154.71005053576937,154.70163933779708,154.65536575272782,154.90404186010988
2025-01-31 15:30:00,1738337400,154.57,154.872,154.552,154.814,4426,9,0,154.73315041670952,154.71769086096893,154.6697870479344,154.9031459212033
2025-01-31 16:00:00,1738339200,154.817,154.967,154.801,154.91,2954,9,0,154.7724503241074,154.74516359511622,154.69162458903128,154.90321412099232
2025-01-31 16:30:00,1738341000,154.913,155.0,154.884,154.917,2301,9,0,154.80457247430576,154.76971165295677,154.7121132627557,154.90335129391778
2025-01-31 17:00:00,1738342800,154.916,154.969,154.659,154.73,4953,9,0,154.7880008133489,154.76403855967723,154.7137393297779,154.9016264054211
2025-01-31 17:30:00,1738344600,154.732,154.822,154.709,154.76,2481,9,0,154.7817784103825,154.76346162258048,154.71794484525262,154.90021718745672
2025-01-31 18:00:00,1738346400,154.76,155.188,154.75,155.14,4344,9,0,154.86138320807527,154.8172528193547,154.7563134956842,154.902603086089
2025-01-31 18:30:00,1738348200,155.14,155.218,154.97,155.135,3050,9,0,154.9221869396141,154.8626452737326,154.79073954153108,154.9049154931926
2025-01-31 19:00:00,1738350000,155.135,155.141,154.99,155.022,1755,9,0,154.94436761969985,154.88541023462793,154.81176321957372,154.90608051316082
2025-01-31 19:30:00,1738351800,155.02,155.2,155.007,155.138,1527,9,0,154.98739703754433,154.92149448682395,154.84142110870337,154.9083881697463
2025-01-31 20:00:00,1738353600,155.136,155.201,155.111,155.13,1353,9,0,155.01908658475668,154.95128098870623,154.8676555533667,154.91059326258465
2025-01-31 20:30:00,1738355400,155.13,155.207,155.086,155.093,1964,9,0,155.03551178814408,154.9715265617482,154.88814141215155,154.91240825499676
2025-01-31 21:00:00,1738357200,155.09,155.171,155.015,155.143,1403,9,0,155.05939805744538,154.99602276721274,154.91131037468324,154.9147027002207
2025-01-31 21:30:00,1738359000,155.144,155.206,155.077,155.199,867,9,0,155.0904207113464,155.02501951475378,154.93746397698476,154.9175315290742
2025-02-02 22:00:00,1738533600,154.714,155.045,154.682,154.853,595,90,0,155.03766055326943,155.0004452983604,154.9297854336225,154.9168894243073
2025-02-02 22:30:00,1738535400,154.859,155.017,154.791,154.95,842,38,0,155.01818043032065,154.99323882716607,154.931623121475,154.91721888277192
2025-02-02 23:00:00,1738537200,155.019,155.424,154.898,155.351,2816,9,0,155.09214033469385,155.04434756614233,154.96974829225002,154.92153511279412
2025-02-02 23:30:00,1738539000,155.357,155.418,155.091,155.337,2326,9,0,155.14655359365076,155.08615505669343,155.00313481113636,154.92566909177128
2025-02-03 00:00:00,1738540800,155.346,155.676,155.346,155.524,6994,9,0,155.23043057283948,155.14870433430866,155.05048619194216,154.9316226331467
2025-02-03 00:30:00,1738542600,155.525,155.8,155.489,155.695,4971,9,0,155.3336682233196,155.22674657226457,155.10907835631104,154.93921842784175
2025-02-03 01:00:00,1738544400,155.693,155.883,155.646,155.78,4275,9,0,155.4328530625819,155.30578277622678,155.17007123301002,154.9475844136344
2025-02-03 01:30:00,1738546200,155.779,155.801,155.644,155.704,3293,9,0,155.4931079375637,155.36267095105154,155.21861021182727,154.95511093688182
2025-02-03 02:00:00,1738548000,155.705,155.874,155.701,155.764,3371,9,0,155.55330617366064,155.4200036723299,155.26819110166113,154.96315958427604
2025-02-03 02:30:00,1738549800,155.764,155.8,155.466,155.541,2629,9,0,155.55057146840272,155.43728886199708,155.29299191060102,154.96890924015392
2025-02-03 03:00:00,1738551600,155.542,155.643,155.489,155.59,2084,9,0,155.55933336431323,155.45910473885465,155.31999264600094,154.97508924771458
2025-02-03 03:30:00,1738553400,155.591,155.758,155.589,155.648,1587,9,0,155.5790370611325,155.48608977616112,155.34981149636448,154.98178487709055
2025-02-03 04:00:00,1738555200,155.648,155.743,155.565,155.698,2294,9,0,155.60547326976973,155.51636266528098,155.38146499669497,154.98891139572646
2025-02-03 04:30:00,1738557000,155.697,155.742,155.629,155.711,1814,9,0,155.62892365426535,155.54416799881227,155.41142272426816,154.99609635696302
2025-02-03 05:00:00,1738558800,155.71,155.712,155.561,155.57,1683,9,0,155.61582950887305,155.54785828469625,155.42583884024378,155.00180684097333
2025-02-03 05:30:00,1738560600,155.568,155.598,155.458,155.57,1564,9,0,155.60564517356792,155.5510213868825,155.43894440022163,155.00746050424723
2025-02-03 06:00:00,1738562400,155.573,155.609,155.342,155.366,1905,9,0,155.55239069055284,155.524589760185,155.4323130911106,155.0110280614189
2025-02-03 06:30:00,1738564200,155.366,155.445,155.278,155.376,2735,9,0,155.51319275931888,155.50336265158714,155.42719371919145,155.01465962299682
2025-02-03 07:00:00,1738566000,155.379,155.563,155.379,155.531,2957,9,0,155.5171499239147,155.50731084421756,155.4366306538104,155.01979733819087
2025-02-03 07:30:00,1738567800,155.529,155.663,155.495,155.622,2754,9,0,155.54044994082255,155.52369500932934,155.4534824125549,155.02578940447754
2025-02-03 08:00:00,1738569600,155.624,155.714,155.454,155.471,3368,9,0,155.52501662063978,155.51616715085373,155.45507492050444,155.0302193606519
2025-02-03 08:30:00,1738571400,155.47,155.497,155.346,155.45,2542,9,0,155.5083462604976,155.50671470073178,155.45461356409493,155.03439628243646
2025-02-03 09:00:00,1738573200,155.453,155.47,155.192,155.273,2452,9,0,155.45604709149814,155.4733268863415,155.4381032400863,155.0367704487804
2025-02-03 09:30:00,1738575000,155.273,155.295,154.997,154.999,2279,9,0,155.35448107116522,155.40556590257845,155.3981847637148,155.0363946234194
2025-02-03 10:00:00,1738576800,155.002,155.131,154.999,155.065,2161,9,0,155.29015194423962,155.35691363078152,155.3678952397407,155.03667925403215
2025-02-03 10:30:00,1738578600,155.066,155.069,154.829,154.938,2118,9,0,155.21189595663083,155.29706882638416,155.32881385430971,155.03569737090746
2025-02-03 11:00:00,1738580400,154.94,154.962,154.685,154.71,2041,9,0,155.100363521824,155.21320185118645,155.27255804937246,155.03245660104767
2025-02-03 11:30:00,1738582200,154.711,154.732,154.591,154.606,2412,9,0,154.99050496141865,155.1264587295884,155.21196186306588,155.0282132517835
2025-02-03 12:00:00,1738584000,154.608,154.62,154.463,154.48,2699,9,0,154.87705941443673,155.03410748250434,155.14541987551442,155.0227583935568
2025-02-03 12:30:00,1738585800,154.481,154.609,154.283,154.565,4157,9,0,154.80771287789526,154.96709212786087,155.09265443228585,155.01820358367067
2025-02-03 13:00:00,1738587600,154.563,154.657,154.4,154.63,3744,9,0,154.76822112725188,154.91893610959505,155.0505949384417,155.0143408614451
2025-02-03 13:30:00,1738589400,154.63,154.83,154.613,154.647,3081,9,0,154.74128309897367,154.8800880939386,155.01390448949243,155.01068572849542
2025-02-03 14:00:00,1738591200,154.649,154.745,154.4,154.451,3179,9,0,154.6767757436462,154.81878979480453,154.962731354084,155.0051167162716
2025-02-03 14:30:00,1738593000,154.448,154.574,154.37,154.535,4831,9,0,154.64527002283594,154.77824839554677,154.92384668553092,155.00043893800026
2025-02-03 15:00:00,1738594800,154.529,154.809,154.001,154.687,11470,9,0,154.65454335109462,154.76521291046865,154.90231516866447,154.99732014259726
2025-02-03 15:30:00,1738596600,154.69,154.863,154.548,154.723,10121,9,0,154.66975593974027,154.75918249468742,154.88601378969497,154.99459058893956
2025-02-03 16:00:00,1738598400,154.724,154.868,154.571,154.602,6571,9,0,154.65469906424244,154.73672785258924,154.86019435426815,154.99068421492026
2025-02-03 16:30:00,1738600200,154.6,154.744,154.538,154.687,3694,9,0,154.66187704996634,154.7296238736479,154.84444941297104,154.98766248143846
2025-02-03 17:00:00,1738602000,154.685,154.722,154.571,154.603,3144,9,0,154.64879326108493,154.71153474884107,154.8224994663373,154.983834994061
2025-02-03 17:30:00,1738603800,154.603,154.673,154.512,154.652,3935,9,0,154.64950586973274,154.7030297847209,154.80699951485207,154.9805331533241
2025-02-03 18:00:00,1738605600,154.65,154.787,154.569,154.782,2062,9,0,154.67894900979212,154.71431124404648,154.8047268316837,154.97855769906218
2025-02-03 18:30:00,1738607400,154.782,155.008,154.75,154.954,1935,9,0,154.74007145206053,154.748552494897,154.81829711971244,154.97831334384762
2025-02-03 19:00:00,1738609200,154.951,154.965,154.853,154.932,1856,9,0,154.78272224049152,154.7747592813403,154.82863374519312,154.97785251455562
2025-02-03 19:30:00,1738611000,154.936,154.997,154.826,154.891,1475,9,0,154.80678396482674,154.7913650982917,154.834303404721,154.9769883104307
2025-02-03 20:00:00,1738612800,154.889,154.897,154.662,154.671,1619,9,0,154.7766097504208,154.77417008425002,154.81945764065546,154.97394365062542
2025-02-03 20:30:00,1738614600,154.668,154.783,154.65,154.705,1496,9,0,154.7606964725495,154.76428864364286,154.80905240059587,154.97126759440027
2025-02-03 21:00:00,1738616400,154.697,154.801,154.63,154.782,727,9,0,154.76543058976074,154.76681883740815,154.8065930914508,154.96938433475452
2025-02-03 21:30:00,1738618200,154.786,154.897,154.511,154.752,1598,9,0,154.76244601425836,154.76470186063557,154.8016300831371,154.967221306548
2025-02-03 22:00:00,1738620000,154.723,154.766,154.643,154.762,416,38,0,154.76234689997872,154.76431588054479,154.79802734830645,154.96517930349776
2025-02-03 22:30:00,1738621800,154.762,154.825,154.637,154.765,591,38,0,154.76293647776123,154.76441361189552,154.79502486209677,154.96318746963212
2025-02-03 23:00:00,1738623600,154.806,155.2,154.766,155.153,1349,9,0,154.84961726048095,154.8199259530533,154.8275680564516,154.96507615152635
2025-02-03 23:30:00,1738625400,155.153,155.288,155.11,155.257,1657,9,0,154.94014675815185,154.88236510261711,154.8666073240469,154.96798086643653
2025-02-04 00:00:00,1738627200,155.264,155.378,155.187,155.373,2295,9,0,155.03633636745144,154.95245580224326,154.9126430218608,154.97201090756653
2025-02-04 00:30:00,1738629000,155.376,155.401,155.203,155.31,2774,9,0,155.0971505080178,155.00353354477994,154.94876638350982,154.97537398311314
2025-02-04 01:00:00,1738630800,155.31,155.392,155.144,155.223,2901,9,0,155.12511706179163,155.03488589552566,154.97369671228165,154.9778379235797
2025-02-04 01:30:00,1738632600,155.221,155.342,155.045,155.107,1970,9,0,155.12109104806015,155.04518791045058,154.98581519298332,154.97912311836996
2025-02-04 02:00:00,1738634400,155.111,155.244,155.075,155.238,1513,9,0,155.1470708151579,155.07273249467192,155.0087410845303,154.98169900773942
2025-02-04 02:30:00,1738636200,155.239,155.252,155.037,155.149,1951,9,0,155.14749952290057,155.08362785257594,155.02149189502757,154.98336369422958
2025-02-04 03:00:00,1738638000,155.152,155.174,155.065,155.144,1183,9,0,155.1467218511449,155.0922524450651,155.03262899547963,154.98496206543126
2025-02-04 03:30:00,1738639800,155.141,155.302,155.137,155.209,1279,9,0,155.16056143977937,155.10893066719865,155.0486627231633,154.98719129861104
2025-02-04 04:00:00,1738641600,155.208,155.272,155.181,155.242,1137,9,0,155.17865889760617,155.12794057188458,155.06623883923933,154.98972670857512
2025-02-04 04:30:00,1738643400,155.241,155.286,155.218,155.281,1177,9,0,155.2014013648048,155.1498062044725,155.0857625811267,154.99262495028086
2025-02-04 05:00:00,1738645200,155.282,155.332,154.823,155.059,5277,9,0,155.1697566170704,155.13683388954786,155.08332961920607,154.99328539853678
2025-02-04 05:30:00,1738647000,155.056,155.271,155.041,155.246,2165,9,0,155.18669959105475,155.15242904818388,155.09811783564186,154.99579997168567
2025-02-04 06:00:00,1738648800,155.245,155.389,155.193,155.361,1873,9,0,155.2254330152648,155.18222489844334,155.12201621421988,154.9994338028132
2025-02-04 06:30:00,1738650600,155.36,155.36,155.158,155.216,1761,9,0,155.2233367896504,155.18704991295144,155.13056019474533,155.0015886903474
2025-02-04 07:00:00,1738652400,155.214,155.33,155.191,155.279,1850,9,0,155.23570639195032,155.20018563967267,155.14405472249575,155.00434900188623
2025-02-04 07:30:00,1738654200,155.279,155.36,155.167,155.323,1893,9,0,155.25510497151691,155.21773054829086,155.16032247499612,155.0075196585839
2025-02-04 08:00:00,1738656000,155.32,155.52,155.283,155.349,2972,9,0,155.27597053340205,155.23648332710647,155.17747497726918,155.01091747292634
2025-02-04 08:30:00,1738657800,155.349,155.376,155.124,155.239,2621,9,0,155.2677548593127,155.23684285180553,155.1830681611538,155.0131869508077
2025-02-04 09:00:00,1738659600,155.241,155.32,155.088,155.091,2354,9,0,155.22847600168765,155.21600815869047,155.17469832832165,155.01396121000366
2025-02-04 09:30:00,1738661400,155.093,155.353,155.062,155.337,1943,9,0,155.25259244575707,155.23329270744898,155.18945302574693,155.01717552632203
2025-02-04 10:00:00,1738663200,155.339,155.362,155.242,155.245,1500,9,0,155.25090523558885,155.23496517781342,155.19450275067902,155.01944243650792
2025-02-04 10:30:00,1738665000,155.246,155.334,155.24,155.269,1421,9,0,155.2549262943469,155.23982729526864,155.20127522789002,155.02192559634366
2025-02-04 11:00:00,1738666800,155.268,155.293,155.143,155.234,1503,9,0,155.25027600671424,155.23899482451597,155.20425020717275,155.02403578941488
2025-02-04 11:30:00,1738668600,155.235,155.332,155.23,155.309,1279,9,0,155.26332578299997,155.24899556387084,155.21377291561157,155.02687125419683
2025-02-04 12:00:00,1738670400,155.31,155.393,155.28,155.293,1546,9,0,155.26992005344442,155.25528191188928,155.2209753778287,155.02951930141876
2025-02-04 12:30:00,1738672200,155.296,155.316,155.233,155.274,1480,9,0,155.27082670823455,155.25795592447653,155.22579579802607,155.03195194518574
2025-02-04 13:00:00,1738674000,155.274,155.373,155.24,155.362,1902,9,0,155.291087439738,155.27281936383704,155.23817799820551,155.03523600543264
2025-02-04 13:30:00,1738675800,155.367,155.385,155.254,155.26,1664,9,0,155.2841791197962,155.27098802614606,155.24016181655048,155.03747246309004
2025-02-04 14:00:00,1738677600,155.258,155.26,155.079,155.093,2276,9,0,155.24169487095259,155.24556116526804,155.22678346959137,155.03802497589513
2025-02-04 14:30:00,1738679400,155.093,155.155,154.952,155.027,3347,9,0,155.19398489962978,155.21433814165835,155.20862133599215,155.03791527464244
2025-02-04 15:00:00,1738681200,155.029,155.039,154.604,154.737,4978,9,0,155.09243269971205,155.1461469785643,155.16574666908377,155.0349210928052
2025-02-04 15:30:00,1738683000,154.735,154.774,154.53,154.672,2943,9,0,154.99900321088714,155.07841169591228,155.12086060825797,155.03130993765294
2025-02-04 16:00:00,1738684800,154.672,154.672,154.468,154.559,2666,9,0,154.9012247195789,155.0042100250677,155.06978237114362,155.02661033628326
2025-02-04 16:30:00,1738686600,154.558,154.62,154.46,154.559,2097,9,0,154.8251747818947,154.94060859291517,155.02334761013057,155.02195749711626
2025-02-04 17:00:00,1738688400,154.56,154.623,154.392,154.417,2158,9,0,154.734469274807,154.86580736535586,154.9682251001187,155.01593801953302
2025-02-04 17:30:00,1738690200,154.418,154.449,154.246,154.267,2292,9,0,154.63058721373878,154.7802634560193,154.90447736374426,155.0084858999357
2025-02-04 18:00:00,1738692000,154.267,154.314,154.168,154.254,1545,9,0,154.54690116624127,154.70508296230224,154.84534305794932,155.0009785775483
2025-02-04 18:30:00,1738693800,154.251,154.33,154.211,154.296,1346,9,0,154.49114535152097,154.64664253911621,154.79540277995395,154.9939638653339
2025-02-04 19:00:00,1738695600,154.298,154.331,154.225,154.295,1371,9,0,154.44755749562742,154.59640789067106,154.74991161813995,154.98700900100224
2025-02-04 19:30:00,1738697400,154.295,154.335,154.242,154.285,1374,9,0,154.41143360771022,154.5519210491466,154.70764692558177,154.98002383681316
2025-02-04 20:00:00,1738699200,154.284,154.317,154.231,154.27,1026,9,0,154.38000391710796,154.51164661355426,154.66786084143797,154.97295892301403
2025-02-04 20:30:00,1738701000,154.27,154.304,154.247,154.261,852,9,0,154.35355860219508,154.47583995447508,154.63087349221635,154.96587475462584
2025-02-04 21:00:00,1738702800,154.256,154.328,154.223,154.313,569,9,0,154.34454557948507,154.4525771038358,154.60197590201486,154.95937848841066
2025-02-04 21:30:00,1738704600,154.313,154.342,154.287,154.305,577,9,0,154.33575767293283,154.4314946604307,154.57497809274076,154.95286725967026
2025-02-04 22:00:00,1738706400,154.319,154.342,154.22,154.321,248,38,0,154.33247819005885,154.4157097089406,154.5518891752189,154.94658002325562
2025-02-04 22:30:00,1738708200,154.316,154.365,154.252,154.337,520,38,0,154.33348303671244,154.40446546480624,154.53235379565353,154.9405145503874
2025-02-04 23:00:00,1738710000,154.369,154.456,154.329,154.439,981,9,0,154.35693125077634,154.40939896983394,154.52386708695775,154.93552435585622
2025-02-04 23:30:00,1738711800,154.439,154.439,154.009,154.126,1400,9,0,154.30561319504827,154.3689134027148,154.48769735177976,154.92746938714123
2025-02-05 00:00:00,1738713600,154.129,154.355,154.119,154.177,2250,9,0,154.27703248503755,154.34149720232696,154.4594521379816,154.92000203005523
2025-02-05 00:30:00,1738715400,154.18,154.224,153.817,153.851,4432,9,0,154.18235859947364,154.27142617342312,154.40413830725598,154.9093651939353
2025-02-05 01:00:00,1738717200,153.849,153.852,153.478,153.529,5256,9,0,154.03716779959063,154.16536529150557,154.3245802793236,154.89563021688122
2025-02-05 01:30:00,1738719000,153.53,153.688,153.462,153.603,3709,9,0,153.9406860663483,154.08502739271907,154.25898207211236,154.88276822467344
2025-02-05 02:00:00,1738720800,153.605,153.64,153.167,153.224,3837,9,0,153.78142249604866,153.9620234794735,154.16489279282942,154.86626306820904
2025-02-05 02:30:00,1738722600,153.224,153.439,153.194,153.383,2608,9,0,153.69288416359342,153.87930583954872,154.09381162984494,154.85150423170944
2025-02-05 03:00:00,1738724400,153.383,153.459,153.202,153.208,2141,9,0,153.58513212723932,153.78340500532747,154.013283299859,154.83515095577204
2025-02-05 03:30:00,1738726200,153.207,153.306,153.076,153.218,2531,9,0,153.50354721007503,153.70263286170925,153.94098481805364,154.81905990148573
2025-02-05 04:00:00,1738728000,153.217,153.335,153.11,153.31,2001,9,0,153.46053671894725,153.64654245289364,153.88362256186693,154.80404438007793
2025-02-05 04:30:00,1738729800,153.308,153.39,153.246,153.356,1813,9,0,153.43730633695898,153.60503638819455,153.83565687442447,154.7896359782861
2025-02-05 05:00:00,1738731600,153.357,153.565,153.346,153.527,1731,9,0,153.45723826207922,153.5938883327382,153.8075971585677,154.77707243621361
2025-02-05 05:30:00,1738733400,153.525,153.531,153.414,153.424,1615,9,0,153.44985198161717,153.56961857091846,153.772724689607,154.7636090288881
2025-02-05 06:00:00,1738735200,153.426,153.449,153.237,153.278,2087,9,0,153.41166265236893,153.52795877507296,153.72774971782454,154.7488268494962
2025-02-05 06:30:00,1738737000,153.279,153.311,153.156,153.186,1876,9,0,153.36151539628696,153.47910752149113,153.67849974347683,154.73327633358082
2025-02-05 07:00:00,1738738800,153.188,153.343,153.07,153.096,2513,9,0,153.30251197488985,153.42437787556383,153.62554522134258,154.716985026779
2025-02-05 07:30:00,1738740600,153.1,153.362,153.068,153.3,2515,9,0,153.30195375824766,153.40660960762617,153.59595020122052,154.70288567327873
2025-02-05 08:00:00,1738742400,153.3,153.391,153.189,153.353,3185,9,0,153.31329736752596,153.398951092251,153.57386381929138,154.68945397503714
2025-02-05 08:30:00,1738744200,153.355,153.379,152.912,153.051,2843,9,0,153.2550090636313,153.349243793358,153.52633074481034,154.67315095040993
2025-02-05 09:00:00,1738746000,153.053,153.132,152.817,152.856,2812,9,0,153.16634038282433,153.27878039430686,153.4653915861912,154.65506984642576
2025-02-05 09:30:00,1738747800,152.855,152.889,152.641,152.84,2732,9,0,153.09382029775227,153.21609748083443,153.40853780562838,154.63700944994392
2025-02-05 10:00:00,1738749600,152.837,152.843,152.621,152.664,1978,9,0,152.99830467602953,153.1372264121438,153.34085255057124,154.61737751511862
2025-02-05 10:30:00,1738751400,152.664,152.69,152.547,152.64,1909,9,0,152.91868141468964,153.06619406755183,153.2771386823375,154.59770211695826
2025-02-05 11:00:00,1738753200,152.638,152.797,152.624,152.756,1729,9,0,152.88252998920308,153.02188062933016,153.22976243848862,154.57937672275966
2025-02-05 11:30:00,1738755000,152.756,152.881,152.744,152.869,1440,9,0,152.87952332493572,153.00004053942587,153.19696585317146,154.56235804890136
2025-02-05 12:00:00,1738756800,152.869,152.899,152.746,152.761,1353,9,0,152.85318480828334,152.96589189093646,153.15733259379223,154.54443408821578
2025-02-05 12:30:00,1738758600,152.761,152.946,152.736,152.863,1709,9,0,152.85536596199816,152.95119304937413,153.13057508526566,154.52770340077086
2025-02-05 13:00:00,1738760400,152.863,153.078,152.758,152.965,3248,9,0,152.87972908155413,152.95316547089212,153.11552280478696,154.512154113201
2025-02-05 13:30:00,1738762200,152.963,153.106,152.825,153.045,4110,9,0,152.9164559523199,152.9662846893361,153.1091116407154,154.49755556481097
2025-02-05 14:00:00,1738764000,153.041,153.202,152.99,153.002,3072,9,0,152.93546574069325,152.97138687657383,153.0993742188322,154.48267441491237
2025-02-05 14:30:00,1738765800,153.001,153.053,152.775,152.801,3294,9,0,152.90558446498363,152.94704589420616,153.07224928984743,154.46594133615704
2025-02-05 15:00:00,1738767600,152.797,152.797,152.137,152.237,6403,9,0,152.7570101394317,152.8456107664624,152.99631753622492,154.44376281539928
2025-02-05 15:30:00,1738769400,152.235,152.358,152.107,152.137,4964,9,0,152.61923010844689,152.7443806569678,152.91819776020446,154.42080995156445
2025-02-05 16:00:00,1738771200,152.137,152.322,152.109,152.242,3266,9,0,152.5354011954587,152.67261199168667,152.8567252365495,154.39913025055387
2025-02-05 16:30:00,1738773000,152.242,152.386,152.148,152.331,2332,9,0,152.48997870757898,152.62381027858856,152.8089320332268,154.3785518401006
2025-02-05 17:00:00,1738774800,152.328,152.439,152.282,152.407,1904,9,0,152.47153899478366,152.59283738164734,152.7723927574789,154.35893440885582
2025-02-05 17:30:00,1738776600,152.404,152.409,152.249,152.285,1711,9,0,152.43008588483173,152.54886061284057,152.7280843249808,154.33829824558362
2025-02-05 18:00:00,1738778400,152.285,152.406,152.242,152.32,1253,9,0,152.4056223548691,152.51616623957764,152.69098574998256,154.31821567597584
2025-02-05 18:30:00,1738780200,152.32,152.364,152.276,152.314,1359,9,0,152.38526183156486,152.4872853482094,152.65671431816594,154.29827323143877
2025-02-05 19:00:00,1738782000,152.315,152.458,152.306,152.435,1300,9,0,152.39631475788377,152.47981601275092,152.6365584710599,154.27973319928518
2025-02-05 19:30:00,1738783800,152.433,152.539,152.416,152.519,1317,9,0,152.4235781450207,152.48541372521507,152.6258713373272,154.26221346595895
2025-02-05 20:00:00,1738785600,152.522,152.725,152.522,152.649,1537,9,0,152.47367189057167,152.5087831930415,152.6279739430247,154.24616159067577
2025-02-05 20:30:00,1738787400,152.649,152.765,152.644,152.688,1222,9,0,152.5213003593335,152.53438559403557,152.6334308572952,154.23065749524616
2025-02-05 21:00:00,1738789200,152.683,152.703,152.592,152.625,701,9,0,152.54434472392606,152.54733050917335,152.6326644157229,154.2146808037512
2025-02-05 21:30:00,1738791000,152.621,152.687,152.397,152.404,660,9,0,152.51315700749805,152.52685472214858,152.61187674156628,154.1966640793358
2025-02-05 22:00:00,1738792800,152.382,152.548,152.299,152.521,331,38,0,152.5148998947207,152.52601833327023,152.6036152196057,154.17999080491455
2025-02-05 22:30:00,1738794600,152.524,152.557,152.424,152.548,550,38,0,152.52225547367166,152.5291585713745,152.59855929055064,154.16375209043778
2025-02-05 23:00:00,1738796400,152.573,152.607,152.461,152.561,701,9,0,152.5308653684113,152.53370734689244,152.5951448095915,154.14780430844337
2025-02-05 23:30:00,1738798200,152.56,152.744,152.537,152.644,1038,9,0,152.55600639765322,152.54946344019353,152.5995861905377,154.1328410814937
2025-02-06 00:00:00,1738800000,152.648,152.685,152.453,152.543,2599,9,0,152.55311608706361,152.54854009159448,152.5944419913979,154.11702176724998
2025-02-06 00:30:00,1738801800,152.545,152.633,152.324,152.353,2660,9,0,152.50864584549393,152.52060579279527,152.57249271945264,154.09946931185445
2025-02-06 01:00:00,1738803600,152.352,152.383,152.255,152.316,2478,9,0,152.4658356576064,152.4913763938245,152.5491751995024,154.0817233485524
2025-02-06 01:30:00,1738805400,152.313,152.366,151.808,152.022,4814,9,0,152.36720551147164,152.42432262327816,152.5012501813658,154.06122858886533
2025-02-06 02:00:00,1738807200,152.019,152.188,151.929,152.175,2421,9,0,152.32449317558905,152.388705105667,152.4715910739689,154.04246014519504
2025-02-06 02:30:00,1738809000,152.175,152.299,152.17,152.253,2077,9,0,152.30860580323593,152.36931866200027,152.45171915815354,154.02465457161102
2025-02-06 03:00:00,1738810800,152.255,152.288,152.134,152.186,1534,9,0,152.2813600691835,152.34313028171454,152.42756287104868,154.00635950124672
2025-02-06 03:30:00,1738812600,152.189,152.243,152.049,152.233,1568,9,0,152.27061338714273,152.32739738432676,152.40987533731698,153.98871413307512
2025-02-06 04:00:00,1738814400,152.234,152.296,152.127,152.215,1166,9,0,152.25825485666655,152.31134061513723,152.39215939756087,153.9710652362286
2025-02-06 04:30:00,1738816200,152.213,152.353,152.175,152.347,1150,9,0,152.27797599962955,152.3164348129748,152.3880539977826,153.95490538313183
2025-02-06 05:00:00,1738818000,152.347,152.511,152.161,152.305,3059,9,0,152.2839813330452,152.31480126826412,152.3805036343478,153.93848841414547
2025-02-06 05:30:00,1738819800,152.307,152.433,152.212,152.417,1668,9,0,152.31354103681292,152.32940108708354,152.38382148577074,153.92334922594503
2025-02-06 06:00:00,1738821600,152.417,152.49,152.399,152.487,1411,9,0,152.35208747307672,152.35191521750016,152.39320135070065,153.90905719384608
2025-02-06 06:30:00,1738823400,152.487,152.587,152.406,152.557,1513,9,0,152.39762359017078,152.3812130435716,152.40809213700058,153.8956038884347
2025-02-06 07:00:00,1738825200,152.556,152.672,152.532,152.625,1781,9,0,152.44815168124393,152.41603975163278,152.42781103363689,153.88296106367417
2025-02-06 07:30:00,1738827000,152.622,152.665,152.484,152.579,2505,9,0,152.47722908541195,152.43931978711382,152.44155548512444,153.8699863267222
2025-02-06 08:00:00,1738828800,152.579,152.677,152.445,152.66,2710,9,0,152.5178448442093,152.47084553181185,152.46141407738585,153.8579466617797
2025-02-06 08:30:00,1738830600,152.658,152.698,152.582,152.638,1931,9,0,152.54454598994056,152.494724741553,152.47746734307802,153.84580788902568
2025-02-06 09:00:00,1738832400,152.64,152.894,152.537,152.771,2231,9,0,152.5948691032871,152.53419263561688,152.5041521300709,153.83511328316473
2025-02-06 09:30:00,1738834200,152.773,152.806,152.629,152.661,1854,9,0,152.6095648581122,152.5523079733859,152.51841102733718,153.82343056392926
2025-02-06 10:00:00,1738836000,152.66,152.682,152.536,152.557,1656,9,0,152.59788377853172,152.5529782629022,152.52191911576105,153.8108292647857
2025-02-06 10:30:00,1738837800,152.557,152.632,152.5,152.528,1422,9,0,152.58235404996913,152.54940993963044,152.52247192341912,153.79806479448933
2025-02-06 11:00:00,1738839600,152.53,152.54,152.413,152.428,1626,9,0,152.548053149976,152.53206566254036,152.51388356674465,153.78443230897201
2025-02-06 11:30:00,1738841400,152.427,152.482,152.354,152.429,1688,9,0,152.52159689442578,152.51734199646316,152.50616687885878,153.77094542032555
2025-02-06 12:00:00,1738843200,152.427,152.466,152.26,152.427,2762,9,0,152.50057536233118,152.50443599696843,152.4989698898716,153.75757282907853
2025-02-06 12:30:00,1738845000,152.427,152.431,152.28,152.376,2424,9,0,152.4728919484798,152.4860879974015,152.48779080897418,153.74382583575436
2025-02-06 13:00:00,1738846800,152.377,152.527,152.338,152.38,2640,9,0,152.45224929326207,152.4709325692013,152.47799164452198,153.73025542942847
2025-02-06 13:30:00,1738848600,152.383,152.383,152.052,152.077,3655,9,0,152.36886056142606,152.41465648788684,152.44153785865635,153.71380512664808
2025-02-06 14:00:00,1738850400,152.079,152.214,152.023,152.026,2628,9,0,152.29266932555362,152.35913413247442,152.40376168968757,153.69701104578593
2025-02-06 14:30:00,1738852200,152.028,152.108,151.855,152.106,3570,9,0,152.25118725320837,152.32297211354953,152.3766924451705,153.68118009010647
2025-02-06 15:00:00,1738854000,152.107,152.154,151.891,152.031,2893,9,0,152.2022567524954,152.2812618116139,152.3452658592459,153.66476038771734
2025-02-06 15:30:00,1738855800,152.032,152.093,151.656,151.685,3949,9,0,152.0873108074964,152.1960815528119,152.28524169022353,153.64506127938185
2025-02-06 16:00:00,1738857600,151.688,151.897,151.663,151.85,2933,9,0,152.0345750724972,152.14664133098165,152.24567426383956,153.62719997311936
2025-02-06 16:30:00,1738859400,151.85,152.047,151.803,152.041,2314,9,0,152.0360028341645,152.13154971227,152.2270675125814,153.6114168888097
2025-02-06 17:00:00,1738861200,152.043,152.055,151.869,151.925,1791,9,0,152.0113355376835,152.10204261051715,152.19960682961946,153.59463662125938
2025-02-06 17:30:00,1738863000,151.924,151.978,151.849,151.864,1496,9,0,151.97859430708718,152.0680365233004,152.16909711783586,153.57741635637123
2025-02-06 18:00:00,1738864800,151.867,151.879,151.521,151.555,2518,9,0,151.88446223884557,151.99474559140035,152.1132701071235,153.5572928105367
2025-02-06 18:30:00,1738866600,151.555,151.581,151.308,151.327,2808,9,0,151.76058174132433,151.89935336405745,152.0417910064759,153.53510084227264
2025-02-06 19:00:00,1738868400,151.326,151.422,151.273,151.348,1909,9,0,151.66889690991894,151.82058859776356,151.97871909679628,153.5133386448371
2025-02-06 19:30:00,1738870200,151.349,151.432,151.231,151.381,1688,9,0,151.60491981882586,151.7577902266545,151.92438099708752,153.49212134488846
2025-02-06 20:00:00,1738872000,151.384,151.493,151.352,151.488,1192,9,0,151.57893763686457,151.71924876570387,151.88470999735227,153.47217983896917
2025-02-06 20:30:00,1738873800,151.488,151.535,151.432,151.526,1047,9,0,151.56717371756133,151.69164179917476,151.85209999759297,153.4528148654471
2025-02-06 21:00:00,1738875600,151.501,151.523,151.422,151.436,497,9,0,151.5380240025477,151.6551215421498,151.8142727250845,153.43274705584065
2025-02-06 21:30:00,1738877400,151.437,151.482,151.415,151.446,440,9,0,151.51757422420377,151.6252470361284,151.78079338644042,153.41297842841936
2025-02-06 22:00:00,1738879200,151.393,151.442,151.273,151.416,404,38,0,151.49500217438072,151.5953546023958,151.74763035130945,153.3931079962958
2025-02-06 22:30:00,1738881000,151.408,151.464,151.331,151.417,363,38,0,151.47766835785168,151.56987537348212,151.71757304664496,153.3734452301635
2025-02-06 23:00:00,1738882800,151.45,151.451,151.151,151.321,984,9,0,151.44285316721798,151.53432174869897,151.6815209514954,153.35302288956484
2025-02-06 23:30:00,1738884600,151.319,151.348,151.142,151.163,1177,9,0,151.38066357450288,151.48127578459912,151.63438268317762,153.33123161703188
2025-02-07 00:00:00,1738886400,151.167,151.263,150.954,151.042,2850,9,0,151.30540500239113,151.418522101085,151.58052971197964,153.30845319298183
2025-02-07 00:30:00,1738888200,151.043,151.244,150.974,151.217,2961,9,0,151.2857594463042,151.38973322950142,151.54748155634513,153.28764271344966
2025-02-07 01:00:00,1738890000,151.215,151.626,151.208,151.607,3433,9,0,151.3571462360144,151.42077133957264,151.55289232395012,153.2709199003805
2025-02-07 01:30:00,1738891800,151.606,151.66,151.475,151.566,2534,9,0,151.40355818356676,151.44151829106227,151.55408393086375,153.2539555232623
2025-02-07 02:00:00,1738893600,151.57,151.737,151.554,151.647,2177,9,0,151.45765636499635,151.47087282091053,151.56253084623978,153.2379659160657
2025-02-07 02:30:00,1738895400,151.644,151.682,151.541,151.601,1933,9,0,151.48951050610827,151.4894624179233,151.56602804203615,153.2216776979954
2025-02-07 03:00:00,1738897200,151.599,151.618,151.443,151.563,1668,9,0,151.50584150475086,151.4999677867914,151.5657527654874,153.20517344229395
2025-02-07 03:30:00,1738899000,151.563,151.732,151.545,151.579,1409,9,0,151.52209894813956,151.51125810296406,151.566957059534,153.1889926120224
2025-02-07 04:00:00,1738900800,151.579,151.653,151.539,151.586,1192,9,0,151.53629918188633,151.52193551682635,151.56868823594,153.1730424367784
2025-02-07 04:30:00,1738902600,151.584,151.711,151.561,151.674,1180,9,0,151.56689936368937,151.5436590144226,151.5782620326727,153.15812659163632
2025-02-07 05:00:00,1738904400,151.676,151.735,151.611,151.683,1400,9,0,151.59269950509173,151.56356486950506,151.58778366606612,153.14344871510264
2025-02-07 05:30:00,1738906200,151.681,151.789,151.653,151.716,1394,9,0,151.62009961507135,151.58534131671863,151.59943969642373,153.1292452453006
2025-02-07 06:00:00,1738908000,151.717,151.735,151.584,151.626,1309,9,0,151.62141081172217,151.59114970004455,151.60185426947612,153.11428758116827
2025-02-07 06:30:00,1738909800,151.63,151.832,151.623,151.832,1462,9,0,151.66820840911726,151.6255568857525,151.62277660861463,153.10152850075866
2025-02-07 07:00:00,1738911600,151.829,151.885,151.754,151.762,1685,9,0,151.68905098486897,151.64504875921642,151.63543328055874,153.08819985896008
2025-02-07 07:30:00,1738913400,151.762,151.867,151.664,151.82,2013,9,0,151.7181507660092,151.6700417936141,151.65221207323523,153.07558095489082
2025-02-07 08:00:00,1738915200,151.82,151.889,151.664,151.83,1920,9,0,151.7430061513405,151.69289296595494,151.66837461203204,153.06318711454364
2025-02-07 08:30:00,1738917000,151.831,151.856,151.707,151.741,1798,9,0,151.74256033993152,151.69976539938995,151.6749769200291,153.0500310238517
2025-02-07 09:00:00,1738918800,151.74,151.825,151.703,151.763,1962,9,0,151.74710248661341,151.70879891376282,151.68297901820827,153.0372247450074
2025-02-07 09:30:00,1738920600,151.763,151.831,151.69,151.819,1737,9,0,151.76307971181043,151.72454192608242,151.6953445620075,153.0251031057536
2025-02-07 10:00:00,1738922400,151.817,152.098,151.797,152.085,1878,9,0,151.83461755363032,151.77603593664207,151.73076778364316,153.01574884599486
2025-02-07 10:30:00,1738924200,152.085,152.159,152.029,152.132,1485,9,0,151.90070254171246,151.82688794569322,151.76724343967558,153.0069553251392
2025-02-07 11:00:00,1738926000,152.132,152.169,152.075,152.082,1296,9,0,151.94099086577637,151.8633325248799,151.79585767243233,152.99775178956565
2025-02-07 11:30:00,1738927800,152.082,152.18,152.062,152.151,1230,9,0,151.98765956227052,151.90442787846848,151.82814333857482,152.9893263986247
2025-02-07 12:00:00,1738929600,152.151,152.244,152.112,152.144,1413,9,0,152.02240188176597,151.93865246725872,151.85685758052256,152.98091519067822
2025-02-07 12:30:00,1738931400,152.143,152.169,151.977,152.008,1613,9,0,152.01920146359575,151.94855925765032,151.87059780047505,152.97123444251227
2025-02-07 13:00:00,1738933200,152.006,152.122,151.984,152.075,2491,9,0,152.03160113835224,151.96662222084313,151.88917981861366,152.9623166868654
2025-02-07 13:30:00,1738935000,152.071,152.42,151.314,151.948,9529,9,0,152.0130231076073,151.96396190357981,151.89452710783058,152.9522239835135
2025-02-07 14:00:00,1738936800,151.948,151.999,151.782,151.816,5815,9,0,151.96924019480568,151.9428244887827,151.88738827984596,152.94091827223477
2025-02-07 14:30:00,1738938600,151.815,151.846,151.479,151.53,4659,9,0,151.87163126262664,151.88384956181375,151.8548984362236,152.92687928445136
2025-02-07 15:00:00,1738940400,151.532,151.645,151.279,151.53,6245,9,0,151.79571320426516,151.83329962441178,151.82536221474874,152.91297998808867
2025-02-07 15:30:00,1738942200,151.528,151.757,151.274,151.385,8488,9,0,151.70444360331734,151.76925682092437,151.7853292861352,152.89777620711268
2025-02-07 16:00:00,1738944000,151.386,151.559,151.192,151.201,6922,9,0,151.5925672470246,151.68807727507803,151.7322084419411,152.88089286176827
2025-02-07 16:30:00,1738945800,151.199,151.383,150.925,151.298,3712,9,0,151.5271078587969,151.6323519500669,151.6927349472192,152.86514268403923
2025-02-07 17:00:00,1738947600,151.297,151.853,151.262,151.585,9479,9,0,151.53997277906427,151.62558738577164,151.68294086110836,152.8524049458896
2025-02-07 17:30:00,1738949400,151.583,151.738,151.467,151.662,3323,9,0,151.56708993927222,151.63078918780425,151.68103714646216,152.84056012055737
2025-02-07 18:00:00,1738951200,151.66,151.736,151.53,151.584,2133,9,0,151.57084773054507,151.62410501811794,151.67221558769288,152.82805703478067
2025-02-07 18:30:00,1738953000,151.581,151.634,151.349,151.384,1879,9,0,151.52932601264615,151.58980430124396,151.64601417062988,152.81368830806645
2025-02-07 19:00:00,1738954800,151.382,151.418,151.193,151.357,2316,9,0,151.49103134316923,151.5565465439234,151.61974015511808,152.7991938970409
2025-02-07 19:30:00,1738956600,151.359,151.525,151.327,151.38,2658,9,0,151.46635771135385,151.5313256090772,151.59794559556187,152.78507256473205
2025-02-07 20:00:00,1738958400,151.377,151.393,151.25,151.382,1440,9,0,151.4476115532752,151.50999337920902,151.5783141777835,152.77111164368995
2025-02-07 20:30:00,1738960200,151.382,151.425,151.291,151.301,1414,9,0,151.41503120810293,151.48013718217916,151.55310379798502,152.75648366713583
2025-02-07 21:00:00,1738962000,151.299,151.361,151.263,151.357,689,9,0,151.40213538408005,151.46254615615356,151.53527617998637,152.74255845651754
2025-02-07 21:30:00,1738963800,151.356,151.449,151.341,151.402,762,9,0,151.40210529872894,151.45389670527447,151.52316016362397,152.72921956640295
2025-02-09 22:00:00,1739138400,151.182,151.35,151.09,151.296,577,61,0,151.37852634345583,151.4313400330924,151.50250923965814,152.71495867519496
2025-02-09 22:30:00,1739140200,151.325,151.51,151.275,151.484,834,38,0,151.40196493379898,151.43886288550777,151.5008265815074,152.70271033016817
2025-02-09 23:00:00,1739142000,151.541,151.671,151.458,151.531,1347,9,0,151.43063939295476,151.45202533043525,151.5035696195522,152.6910515209128
2025-02-09 23:30:00,1739143800,151.526,151.876,151.5,151.865,1430,9,0,151.52716397229815,151.51102171180165,151.53642692686563,152.68283210279426
2025-02-10 00:00:00,1739145600,151.872,151.885,151.623,151.72,2873,9,0,151.57001642289856,151.54087575297282,151.55311538805964,152.673251683861
2025-02-10 00:30:00,1739147400,151.72,151.916,151.658,151.871,3076,9,0,151.63690166225445,151.588036359691,151.58201398914514,152.6652690800415
2025-02-10 01:00:00,1739149200,151.869,152.11,151.866,152.055,2705,9,0,151.72981240397567,151.6547454511637,151.62501271740464,152.65919675088688
2025-02-10 01:30:00,1739151000,152.056,152.136,151.986,152.007,2442,9,0,151.79140964753663,151.7050675295689,151.65973883400423,152.65270723097754
2025-02-10 02:00:00,1739152800,152.007,152.122,151.91,152.122,1855,9,0,151.86487417030628,151.76462931105905,151.70176257636749,152.64742656201258
2025-02-10 02:30:00,1739154600,152.123,152.208,152.086,152.145,1760,9,0,151.92712435468266,151.81896798090776,151.74205688760682,152.64242729273883
2025-02-10 03:00:00,1739156400,152.145,152.146,151.988,152.016,1443,9,0,151.94687449808652,151.84711541220665,151.76696080691528,152.63619418534842
2025-02-10 03:30:00,1739158200,152.016,152.016,151.879,151.918,1154,9,0,151.9404579429562,151.85724178189142,151.78069164265023,152.62904797454894
2025-02-10 04:00:00,1739160000,151.917,151.967,151.826,151.873,1156,9,0,151.92546728896593,151.85949295590694,151.7890833115002,152.62152510913054
2025-02-10 04:30:00,1739161800,151.873,151.909,151.821,151.903,1166,9,0,151.9204745580846,151.86570824792025,151.7994393740911,152.61437560555711
2025-02-10 05:00:00,1739163600,151.903,151.993,151.902,151.944,1093,9,0,151.92570243406578,151.87689278393165,151.81258124917372,152.60770520152172
2025-02-10 05:30:00,1739165400,151.942,152.042,151.919,151.947,1352,9,0,151.9304352264956,151.88690810051287,151.8248011356125,152.60113102041205
2025-02-10 06:00:00,1739167200,151.948,151.967,151.808,151.864,1111,9,0,151.9156718428299,151.8836355147253,151.82836466873863,152.59379638339303
2025-02-10 06:30:00,1739169000,151.865,151.895,151.764,151.891,1708,9,0,151.91018921108991,151.88468758405028,151.8340587897624,152.5868033845533
2025-02-10 07:00:00,1739170800,151.889,152.098,151.864,152.069,1944,9,0,151.94548049751438,151.91101792918596,151.85541708160218,152.58165111207018
2025-02-10 07:30:00,1739172600,152.066,152.188,151.987,152.164,1824,9,0,151.99404038695562,151.94715822501652,151.8834700741838,152.57749537961178
2025-02-10 08:00:00,1739174400,152.166,152.454,152.125,152.369,2649,9,0,152.0773647454099,152.00742133572845,151.9276091583489,152.57542079872013
2025-02-10 08:30:00,1739176200,152.37,152.534,152.333,152.384,2097,9,0,152.1455059130966,152.06121828776725,151.96909923486263,152.57351611415575
2025-02-10 09:00:00,1739178000,152.384,152.407,152.217,152.325,1878,9,0,152.185393487964,152.09890138951477,152.0014538498751,152.57104331699998
2025-02-10 09:30:00,1739179800,152.327,152.332,152.162,152.194,1695,9,0,152.18730604619424,152.11248690529837,152.018958045341,152.56729164220394
2025-02-10 10:00:00,1739181600,152.191,152.305,152.161,152.292,1378,9,0,152.2105713692622,152.1381316331129,152.0437800412191,152.56455242188352
2025-02-10 10:30:00,1739183400,152.292,152.292,152.068,152.086,1217,9,0,152.1828888427595,152.1306842569539,152.0476182192901,152.5597907062429
2025-02-10 11:00:00,1739185200,152.085,152.158,152.006,152.12,1492,9,0,152.16891354436848,152.12915793453195,152.05419838117282,152.5554146793151
2025-02-10 11:30:00,1739187000,152.12,152.193,152.095,152.119,1345,9,0,152.15782164561995,152.1277068010274,152.06008943742984,152.55107224469506
2025-02-10 12:00:00,1739188800,152.118,152.241,152.049,152.221,1787,9,0,152.17186127992665,152.14103440088064,152.07471767039075,152.54778794375284
2025-02-10 12:30:00,1739190600,152.221,152.221,152.028,152.063,1643,9,0,152.1476698843874,152.12988662932628,152.07365242762796,152.5429641831185
2025-02-10 13:00:00,1739192400,152.061,152.08,151.934,151.955,1909,9,0,152.10485435452352,152.1049028251368,152.06286584329814,152.53711379323673
2025-02-10 13:30:00,1739194200,151.958,151.968,151.8,151.862,2269,9,0,152.05088672018496,152.07020242154584,152.0446053120892,152.53039624305526
2025-02-10 14:00:00,1739196000,151.861,151.861,151.691,151.767,2216,9,0,151.9878007823661,152.02688778989642,152.01936846553562,152.5228002605373
2025-02-10 14:30:00,1739197800,151.769,151.789,151.585,151.631,2479,9,0,151.90851171961808,151.97033239133978,151.984062241396,152.5139266261041
2025-02-10 15:00:00,1739199600,151.63,151.694,151.564,151.631,2089,9,0,151.84684244859184,151.9218563354341,151.95196567399637,152.5051412865409
2025-02-10 15:30:00,1739201400,151.629,151.69,151.569,151.606,1916,9,0,151.7933219044603,151.87673400180063,151.9205142490876,152.49619460707285
2025-02-10 16:00:00,1739203200,151.605,151.73,151.568,151.66,1749,9,0,151.76369481458022,151.8457720015434,151.89683113553417,152.4878742627239
2025-02-10 16:30:00,1739205000,151.66,151.787,151.638,151.72,1363,9,0,151.7539848557846,151.8278045727515,151.88075557775832,152.4802337227963
2025-02-10 17:00:00,1739206800,151.718,151.795,151.703,151.763,1277,9,0,151.7559882211658,151.81854677664413,151.87005052523483,152.47309706883811
2025-02-10 17:30:00,1739208600,151.765,151.917,151.762,151.86,1060,9,0,151.77910194979563,151.82446866569498,151.86913684112258,152.46699660049148
2025-02-10 18:00:00,1739210400,151.861,151.963,151.854,151.949,929,9,0,151.81685707206327,151.84225885631,151.87639712829323,152.46184240546174
2025-02-10 18:30:00,1739212200,151.947,152.068,151.927,152.03,1099,9,0,151.86422216716034,151.8690790196943,151.89036102572112,152.45754546610394
2025-02-10 19:00:00,1739214000,152.029,152.051,152.003,152.049,849,9,0,151.90528390779136,151.89478201688087,151.90478275065558,152.45348033708797
2025-02-10 19:30:00,1739215800,152.048,152.062,151.947,151.972,934,9,0,151.92010970605995,151.90581315732646,151.9108934096869,152.44868948796272
2025-02-10 20:00:00,1739217600,151.974,152.032,151.964,152.019,773,9,0,151.9420853269355,151.92198270627983,151.92072128153353,152.4444139706696
2025-02-10 20:30:00,1739219400,152.019,152.027,151.944,151.944,785,9,0,151.94251080983872,151.92512803395414,151.92283752866683,152.43943472718036
2025-02-10 21:00:00,1739221200,151.942,151.984,151.904,151.969,419,9,0,151.94839729654123,151.931395457675,151.92703411696982,152.43475378462136
2025-02-10 21:30:00,1739223000,151.97,152.007,151.958,151.974,385,9,0,151.95408678619873,151.9374818208643,151.9313037426998,152.43016916984902
2025-02-10 22:00:00,1739224800,151.955,151.985,151.787,151.927,295,38,0,151.9480675003768,151.9359844178837,151.93091249336348,152.42516251144258
2025-02-10 22:30:00,1739226600,151.937,151.949,151.832,151.852,522,38,0,151.92671916695974,151.92398664390032,151.92373863033043,152.419459401876
2025-02-10 23:00:00,1739228400,151.878,151.955,151.834,151.849,756,9,0,151.9094482409687,151.9132742662003,151.9169442093913,152.413783188922
2025-02-10 23:30:00,1739230200,151.853,151.89,151.74,151.781,738,9,0,151.88090418742007,151.8943779424574,151.90458564490115,152.40748683878346
2025-02-11 00:00:00,1739232000,151.788,151.883,151.68,151.83,1310,9,0,151.86959214577118,151.88518109353492,151.89780513172832,152.40174070108412
2025-02-11 00:30:00,1739233800,151.827,151.861,151.74,151.801,1441,9,0,151.8543494467109,151.87315522302995,151.88900466520755,152.39576318167036
2025-02-11 01:00:00,1739235600,151.801,152.061,151.79,152.0,1861,9,0,151.8867162363307,151.89127590545425,151.89909515018869,152.39182523956418
2025-02-11 01:30:00,1739237400,152.002,152.02,151.928,152.016,1254,9,0,151.91544596159054,151.9090936332465,151.9097228638079,152.38808568494167
2025-02-11 02:00:00,1739239200,152.016,152.037,151.933,151.968,1056,9,0,151.92712463679263,151.917508828497,151.9150207852799,152.38390572787756
2025-02-11 02:30:00,1739241000,151.964,151.999,151.918,151.969,1171,9,0,151.93643027306092,151.9248647101403,151.91992798661806,152.3797773126748
2025-02-11 03:00:00,1739242800,151.967,152.046,151.912,152.019,1162,9,0,151.9547791012696,151.93831260869172,151.92893453328912,152.3761874886681
2025-02-11 03:30:00,1739244600,152.021,152.029,151.951,151.978,945,9,0,151.95993930098746,151.94398223602147,151.93339503026286,152.37222542410427
2025-02-11 04:00:00,1739246400,151.978,152.038,151.977,152.006,758,9,0,151.97017501187912,151.95284191658985,151.93999548205713,152.3685813900336
2025-02-11 04:30:00,1739248200,152.009,152.024,151.981,151.985,504,9,0,151.97346945368378,151.9574359285056,151.9440868018701,152.36476465978453
2025-02-11 05:00:00,1739250000,151.984,152.0,151.952,151.968,460,9,0,151.97225401953182,151.95894508157622,151.9462607289728,152.360816752722
2025-02-11 05:30:00,1739251800,151.968,151.977,151.937,151.95,435,9,0,151.96730868185807,151.95766721277963,151.94660066270254,152.3567290238392
2025-02-11 06:00:00,1739253600,151.952,151.976,151.829,151.965,1061,9,0,151.96679564144517,151.95871475381114,151.94827332972957,152.352831222607
2025-02-11 06:30:00,1739255400,151.965,151.987,151.893,151.912,967,9,0,151.95461883223513,151.9520412175524,151.94497575429963,152.34844484228256
2025-02-11 07:00:00,1739257200,151.91,151.994,151.868,151.889,1296,9,0,151.9400368695162,151.94303532933063,151.9398870493633,152.3438732518121
2025-02-11 07:30:00,1739259000,151.889,152.044,151.885,151.947,1499,9,0,151.94158423184595,151.9436017108548,151.94053368123937,152.33992426423188
2025-02-11 08:00:00,1739260800,151.95,152.097,151.787,151.807,2427,9,0,151.91167662476906,151.9240871807327,151.92839425567215,152.33462153523456
2025-02-11 08:30:00,1739262600,151.808,151.895,151.646,151.867,2509,9,0,151.90174848593148,151.91593186919945,151.92281295970193,152.32996858463522
2025-02-11 09:00:00,1739264400,151.866,151.997,151.823,151.956,1878,9,0,151.9138043779467,151.92165588788527,151.9258299633654,152.3262475041911
2025-02-11 09:30:00,1739266200,151.955,151.974,151.925,151.942,1284,9,0,151.92007007173632,151.92456218961593,151.9272999666958,152.32242414594043
2025-02-11 10:00:00,1739268000,151.94,152.093,151.938,152.09,1310,9,0,151.95783227801712,151.94819616252795,151.94209087881435,152.32011146787136
2025-02-11 10:30:00,1739269800,152.09,152.146,152.065,152.128,1229,9,0,151.99564732734666,151.97388242502396,151.95899170801306,152.3181999109771
2025-02-11 11:00:00,1739271600,152.127,152.266,152.116,152.263,1100,9,0,152.05505903238074,152.01518493573482,151.9866288254664,152.31765065813158
2025-02-11 11:30:00,1739273400,152.263,152.374,152.231,152.334,1436,9,0,152.1170459140739,152.06072994491558,152.01820802315126,152.3178133381502
2025-02-11 12:00:00,1739275200,152.337,152.353,152.217,152.31,1692,9,0,152.15992459983528,152.0963399527848,152.04473456650115,152.317735593492
2025-02-11 12:30:00,1739277000,152.309,152.411,152.244,152.376,1460,9,0,152.20794135542744,152.13629138810126,152.07484960591012,152.31831533883036
2025-02-11 13:00:00,1739278800,152.372,152.446,152.313,152.35,1722,9,0,152.23950994311025,152.16682118980108,152.0998632781001,152.31863060909075
2025-02-11 13:30:00,1739280600,152.347,152.504,152.3,152.3,1755,9,0,152.25295217797463,152.18584673411524,152.11805752554554,152.31844522989584
2025-02-11 14:00:00,1739282400,152.301,152.46,152.245,152.372,1996,9,0,152.27940724953584,152.2124400578131,152.1411432050414,152.31897811318046
2025-02-11 14:30:00,1739284200,152.372,152.43,152.226,152.291,2444,9,0,152.28198341630565,152.22366290669694,152.15476655003764,152.3186997239946
2025-02-11 15:00:00,1739286000,152.295,152.59,152.232,152.509,3871,9,0,152.3324315460155,152.2644253485974,152.1869695909433,152.32059325907923
2025-02-11 15:30:00,1739287800,152.507,152.592,152.445,152.489,2804,9,0,152.36722453578983,152.2965074416549,152.21442690085755,152.32226894804361
2025-02-11 16:00:00,1739289600,152.488,152.531,152.246,152.262,2332,9,0,152.34384130561432,152.2915778071328,152.21875172805233,152.3216692570183
2025-02-11 16:30:00,1739291400,152.26,152.375,152.258,152.364,1748,9,0,152.3483210154778,152.30192383468525,152.2319561164112,152.322090458441
2025-02-11 17:00:00,1739293200,152.364,152.403,152.311,152.339,1216,9,0,152.34624967870496,152.30722042973022,152.2416873785556,152.3222587125859
2025-02-11 17:30:00,1739295000,152.34,152.387,152.288,152.365,1062,9,0,152.35041641677054,152.3154746540545,152.25289761686872,152.32268399902784
2025-02-11 18:00:00,1739296800,152.364,152.452,152.288,152.452,1285,9,0,152.37299054637708,152.33497827490385,152.27099783351701,152.32397072540567
2025-02-11 18:30:00,1739298600,152.45,152.476,152.418,152.43,931,9,0,152.38565931384886,152.34855280706046,152.28545257592455,152.32502574306335
2025-02-11 19:00:00,1739300400,152.431,152.519,152.415,152.501,867,9,0,152.411290577438,152.3703309774804,152.30504779629504,152.32677673069455
2025-02-11 19:30:00,1739302200,152.501,152.553,152.288,152.485,2247,9,0,152.42767044911844,152.3867122664118,152.32140708754096,152.32835109158316
2025-02-11 20:00:00,1739304000,152.487,152.569,152.445,152.522,1225,9,0,152.44863257153656,152.40603908549582,152.3396428068554,152.33027794639327
2025-02-11 20:30:00,1739305800,152.524,152.604,152.504,152.552,1201,9,0,152.4716031111951,152.42689064471068,152.35894800623217,152.33248413598142
2025-02-11 21:00:00,1739307600,152.546,152.55,152.406,152.419,582,9,0,152.45991353092953,152.42576340975202,152.3644072783929,152.3333449903498
2025-02-11 21:30:00,1739309400,152.424,152.498,152.416,152.473,542,9,0,152.46282163516742,152.43251149407317,152.37427934399352,152.33473459243586
2025-02-11 22:00:00,1739311200,152.44,152.461,152.243,152.406,434,38,0,152.4501946051302,152.428724137777,152.3771630399941,152.33544370096885
2025-02-11 22:30:00,1739313000,152.411,152.459,152.363,152.439,508,38,0,152.44770691510126,152.43019211809457,152.3827845818128,152.3364741119045
2025-02-11 23:00:00,1739314800,152.446,152.702,152.436,152.695,766,9,0,152.50266093396766,152.46802181550964,152.411167801648,152.3400415336766
2025-02-11 23:30:00,1739316600,152.696,152.753,152.655,152.753,917,9,0,152.5582918375304,152.50873298472257,152.44224345604363,152.3441505731425
2025-02-12 00:00:00,1739318400,152.754,152.944,152.723,152.907,2191,9,0,152.63578254030142,152.56562827261934,152.48449405094874,152.34975106495204
2025-02-12 00:30:00,1739320200,152.907,153.225,152.906,153.185,2672,9,0,152.75783086467888,152.65410994795943,152.5481764099534,152.35806199962914
2025-02-12 01:00:00,1739322000,153.185,153.417,153.07,153.39,2633,9,0,152.89831289475023,152.75923709825096,152.62470582723037,152.36833003943383
2025-02-12 01:30:00,1739323800,153.39,153.484,153.335,153.466,1882,9,0,153.02446558480574,152.86020322707225,152.70118711566397,152.3792521285937
2025-02-12 02:00:00,1739325600,153.469,153.477,153.365,153.379,1514,9,0,153.10325101040445,152.9343170517762,152.7628064687854,152.38919986860768
2025-02-12 02:30:00,1739327400,153.38,153.526,153.357,153.458,1834,9,0,153.18208411920347,153.00912890152244,152.826005880714,152.39983469578573
2025-02-12 03:00:00,1739329200,153.458,153.645,153.453,153.56,1755,9,0,153.26606542604713,153.0878247727335,152.8927326188309,152.411378629161
2025-02-12 03:30:00,1739331000,153.562,153.679,153.522,153.63,1508,9,0,153.34693977581443,153.16527837662875,152.9597569262099,152.4235042149405
2025-02-12 04:00:00,1739332800,153.63,153.732,153.573,153.662,1489,9,0,153.41695315896678,153.2362386085389,153.0235972056454,152.43582755608537
2025-02-12 04:30:00,1739334600,153.662,153.711,153.586,153.685,1980,9,0,153.47651912364083,153.30034737874763,153.0837247324049,152.44825713264174
2025-02-12 05:00:00,1739336400,153.684,153.703,153.586,153.629,1612,9,0,153.51040376283174,153.34729775321227,153.1332952112772,152.46000581788908
2025-02-12 05:30:00,1739338200,153.63,153.651,153.524,153.537,1523,9,0,153.51631403775804,153.37439807418195,153.1699956466156,152.4707221779101
2025-02-12 06:00:00,1739340000,153.537,153.669,153.502,153.643,1309,9,0,153.5444664738118,153.41276977787027,153.2129960423778,152.4823866338513
2025-02-12 06:30:00,1739341800,153.64,153.703,153.562,153.586,1185,9,0,153.55369614629808,153.43751695246024,153.24690549307073,152.49336786137516
2025-02-12 07:00:00,1739343600,153.588,153.664,153.463,153.481,1543,9,0,153.53754144712073,153.44372881639453,153.26818681188246,152.50319504683412
2025-02-12 07:30:00,1739345400,153.483,153.681,153.411,153.675,2102,9,0,153.568087792205,153.4767675569096,153.30516982898405,152.51485479761192
2025-02-12 08:00:00,1739347200,153.678,153.882,153.512,153.57,2929,9,0,153.56851272727056,153.4900864773511,153.3292452990764,152.52535375484962
2025-02-12 08:30:00,1739349000,153.571,153.619,153.498,153.551,1976,9,0,153.5646210100993,153.4987884091581,153.34940481734216,152.53555919012476
2025-02-12 09:00:00,1739350800,153.553,153.592,153.409,153.52,1926,9,0,153.55470523007725,153.50181863642123,153.36491347031105,152.54535462106878
2025-02-12 09:30:00,1739352600,153.523,153.576,153.479,153.514,1503,9,0,153.54565962339342,153.5035588312182,153.37846679119187,152.55499288354574
2025-02-12 10:00:00,1739354400,153.512,153.658,153.487,153.643,1365,9,0,153.5672908181949,153.52347899818704,153.40251526471985,152.565818825003
2025-02-12 10:30:00,1739356200,153.643,153.695,153.561,153.58,1239,9,0,153.57011508081825,153.53155342701749,153.41865024065442,152.57591017997808
2025-02-12 11:00:00,1739358000,153.58,153.632,153.513,153.531,1265,9,0,153.56142284063642,153.53147436601498,153.42886385514035,152.58541356127185
2025-02-12 11:30:00,1739359800,153.531,153.562,153.457,153.548,1155,9,0,153.55843998716165,153.53383517086996,153.43969441376396,152.59499153578656
2025-02-12 12:00:00,1739361600,153.549,153.64,153.53,153.601,1260,9,0,153.5678977677924,153.54343014645997,153.45435855796725,152.60500157025635
2025-02-12 12:30:00,1739363400,153.602,153.639,153.373,153.556,2091,9,0,153.5652538193941,153.54522583982285,153.46359868906114,152.61446424119907
2025-02-12 13:00:00,1739365200,153.553,153.61,153.456,153.465,2626,9,0,153.54297519286206,153.53376500556243,153.46372608096465,152.6229272835752
2025-02-12 13:30:00,1739367000,153.462,154.451,153.305,154.412,6819,9,0,153.7360918166705,153.65922714762493,153.54993280087695,152.6407290021466
2025-02-12 14:00:00,1739368800,154.414,154.478,154.144,154.151,4472,9,0,153.82829363518817,153.72948041224996,153.6045752735245,152.65575657426453
2025-02-12 14:30:00,1739370600,154.154,154.437,154.137,154.426,3005,9,0,153.961117271813,153.82898321049998,153.67925024865863,152.6733709367097
2025-02-12 15:00:00,1739372400,154.422,154.614,154.403,154.553,3546,9,0,154.0926467669657,153.93241418042857,153.75868204423512,152.69207371345885
2025-02-12 15:30:00,1739374200,154.551,154.583,154.312,154.435,3218,9,0,154.16872526319554,154.00421215465306,153.82016549475918,152.7094162635737
2025-02-12 16:00:00,1739376000,154.434,154.784,154.392,154.773,2392,9,0,154.30300853804098,154.11403898970264,153.90678681341745,152.72994943508044
2025-02-12 16:30:00,1739377800,154.774,154.801,154.581,154.623,2319,9,0,154.37411775180965,154.1867477054594,153.97189710310676,152.7487857591095
2025-02-12 17:00:00,1739379600,154.622,154.628,154.345,154.451,3325,9,0,154.39120269585194,154.22449803325094,154.01545191191522,152.76572321424274
2025-02-12 17:30:00,1739381400,154.449,154.483,154.313,154.351,2241,9,0,154.38226876344038,154.24256974278651,154.0459562835593,152.7814971126085
2025-02-12 18:00:00,1739383200,154.35,154.49,154.311,154.42,1879,9,0,154.39065348267584,154.26791692238845,154.07996025778115,152.79780062392584
2025-02-12 18:30:00,1739385000,154.421,154.459,154.278,154.363,1588,9,0,154.38450826430343,154.2815002191901,154.10569114343738,152.81337474707087
2025-02-12 19:00:00,1739386800,154.365,154.469,154.308,154.424,1330,9,0,154.39328420556933,154.30185733073438,154.1346283122158,152.82940086899055
2025-02-12 19:30:00,1739388600,154.424,154.479,154.401,154.426,1067,9,0,154.40055438210948,154.31959199777233,154.1611166474689,152.84528742750808
2025-02-12 20:00:00,1739390400,154.423,154.459,154.362,154.375,912,9,0,154.3948756305296,154.327507426662,154.18056058860807,152.8605084481299
2025-02-12 20:30:00,1739392200,154.374,154.44,154.327,154.434,1081,9,0,154.40356993485636,154.3427206514246,154.20360053509822,152.87616508048683
2025-02-12 21:00:00,1739394000,154.415,154.455,154.369,154.414,713,9,0,154.4058877271105,154.3529034155068,154.22272775918017,152.89146692048197
2025-02-12 21:30:00,1739395800,154.414,154.454,154.214,154.227,538,9,0,154.36613489886372,154.33491721329156,154.22311614470922,152.90475580684534
2025-02-12 22:00:00,1739397600,154.227,154.338,154.099,154.325,270,38,0,154.35699381022732,154.33350046853565,154.232378313372,152.9188875898618
2025-02-12 22:30:00,1739399400,154.326,154.339,154.245,154.315,328,38,0,154.34766185239903,154.33085754445912,154.23988937579273,152.93277925563433
2025-02-12 23:00:00,1739401200,154.325,154.421,154.252,154.412,709,9,0,154.36195921853258,154.3424493238221,154.2555357961752,152.94749787000615
2025-02-12 23:30:00,1739403000,154.414,154.461,154.182,154.231,1046,9,0,154.33285716996977,154.3265279918475,154.25330526925015,152.96026903547875
2025-02-13 00:00:00,1739404800,154.23,154.286,154.118,154.241,2312,9,0,154.31244446553205,154.3143097072979,154.25218660840923,152.97301262716553
2025-02-13 00:30:00,1739406600,154.243,154.551,154.218,154.535,2674,9,0,154.36190125096937,154.34583689196964,154.27789691673567,152.98855479007932
2025-02-13 01:00:00,1739408400,154.537,154.666,154.384,154.456,2490,9,0,154.38281208408728,154.36157447883113,154.29408810612333,153.00315623495416
2025-02-13 01:30:00,1739410200,154.457,154.477,154.217,154.254,2137,9,0,154.3541871765123,154.346206696141,154.29044373283938,153.01560244157156
2025-02-13 02:00:00,1739412000,154.254,154.346,154.177,154.182,1830,9,0,154.31592335950955,154.3227485966923,154.28058521167216,153.02720838742658
2025-02-13 02:30:00,1739413800,154.179,154.269,154.157,154.226,1385,9,0,154.29594039072964,154.3089273685934,154.27562291970196,153.03913666217858
2025-02-13 03:00:00,1739415600,154.226,154.288,154.185,154.25,1314,9,0,154.28573141501195,154.30050917308006,154.27329356336543,153.05118505359968
2025-02-13 03:30:00,1739417400,154.25,154.291,154.175,154.24,1526,9,0,154.27556887834263,154.29186500549721,154.27026687578675,153.0630140580415
2025-02-13 04:00:00,1739419200,154.239,154.406,154.212,154.364,2035,9,0,154.29522023871093,154.3021700047119,154.27878806889703,153.07595919179232
2025-02-13 04:30:00,1739421000,154.362,154.487,154.349,154.353,1596,9,0,154.30806018566406,154.3094314326102,154.2855346080882,153.08866606550583
2025-02-13 05:00:00,1739422800,154.356,154.405,154.247,154.263,1349,9,0,154.29804681107206,154.30279837080874,154.2834860073529,153.10035098027691
2025-02-13 05:30:00,1739424600,154.266,154.298,154.128,154.164,1740,9,0,154.26825863083383,154.2829700321218,154.2726236430481,153.11093455261246
2025-02-13 06:00:00,1739426400,154.164,154.233,153.975,154.021,2193,9,0,154.2133122684263,154.2455457418187,154.24974876640735,153.11998993019841
2025-02-13 06:30:00,1739428200,154.02,154.115,153.959,154.046,1497,9,0,154.17613176433156,154.21703920727316,154.2312261512794,153.12920396074372
2025-02-13 07:00:00,1739430000,154.049,154.199,153.951,154.153,2009,9,0,154.17099137225787,154.20789074909126,154.22411468298128,153.13939098600997
2025-02-13 07:30:00,1739431800,154.153,154.311,154.067,154.276,2325,9,0,154.19432662286724,154.21762064207823,154.22883152998298,153.15070052843774
2025-02-13 08:00:00,1739433600,154.272,154.338,154.1,154.137,2475,9,0,154.1815873733412,154.20610340749562,154.22048320907544,153.16051445352792
2025-02-13 08:30:00,1739435400,154.135,154.17,154.017,154.019,2299,9,0,154.14545684593205,154.17937434928197,154.20216655370493,153.16905659826895
2025-02-13 09:00:00,1739437200,154.016,154.02,153.893,153.983,2184,9,0,154.10935532461383,154.15132087081312,154.18224232154992,153.17715553758967
2025-02-13 09:30:00,1739439000,153.982,154.087,153.952,153.976,1502,9,0,154.07972080803296,154.12627503212553,154.16349301959085,153.1851042387082
2025-02-13 10:00:00,1739440800,153.976,154.014,153.875,153.914,1391,9,0,154.0428939618034,154.09595002753616,154.14081183599168,153.19235693285043
2025-02-13 10:30:00,1739442600,153.914,153.92,153.769,153.789,1515,9,0,153.98647308140264,154.05210002360243,154.10882894181063,153.19829367978727
2025-02-13 11:00:00,1739444400,153.789,153.856,153.759,153.824,1127,9,0,153.95036795220204,154.01951430594494,154.08293540164604,153.20451961332174
2025-02-13 11:30:00,1739446200,153.824,153.878,153.729,153.842,2285,9,0,153.92628618504605,153.99415511938136,154.06103218331458,153.21086270174638
2025-02-13 12:00:00,1739448000,153.842,153.904,153.761,153.849,2047,9,0,153.90911147725802,153.97341867375545,154.041756530286,153.21721232660465
2025-02-13 12:30:00,1739449800,153.851,153.862,153.739,153.85,1500,9,0,153.89597559342292,153.95578743464753,154.02432411844183,153.2235087213648
2025-02-13 13:00:00,1739451600,153.848,153.851,153.743,153.815,1585,9,0,153.87798101710672,153.9356749439836,154.0052946531289,153.22939420672435
2025-02-13 13:30:00,1739453400,153.818,154.01,153.419,153.511,6092,9,0,153.79642967997188,153.8750070948431,153.96035877557173,153.23219625441865
2025-02-13 14:00:00,1739455200,153.513,153.604,153.38,153.504,3493,9,0,153.7314453066448,153.82200608129412,153.91887161415613,153.23490076930005
2025-02-13 14:30:00,1739457000,153.502,153.57,153.343,153.512,2946,9,0,153.68267968294595,153.7777194982521,153.88188328559647,153.23765797557567
2025-02-13 15:00:00,1739458800,153.514,153.717,153.289,153.381,4696,9,0,153.6156397534024,153.7210452842161,153.83634844145132,153.23908426437592
2025-02-13 15:30:00,1739460600,153.382,153.397,153.072,153.133,3286,9,0,153.50838647486853,153.6370388150424,153.77240767404666,153.23802869955625
2025-02-13 16:00:00,1739462400,153.135,153.163,152.919,152.934,2221,9,0,153.38074503600888,153.53660469860776,153.69618879458787,153.23500353836664
2025-02-13 16:30:00,1739464200,152.933,153.173,152.925,153.173,2006,9,0,153.33457947245134,153.48466117023523,153.64862617689806,153.23438658773614
2025-02-13 17:00:00,1739466000,153.176,153.187,153.049,153.11,1740,9,0,153.28467292301772,153.4311381459159,153.5996601608164,153.23314891024623
2025-02-13 17:30:00,1739467800,153.11,153.195,153.046,153.168,1326,9,0,153.25874560679156,153.39354698221365,153.5604183280149,153.2325006623831
2025-02-13 18:00:00,1739469600,153.165,153.309,153.132,153.275,1763,9,0,153.26235769417121,153.37661169904027,153.53447120728626,153.23292354136436
2025-02-13 18:30:00,1739471400,153.276,153.344,153.189,153.268,3551,9,0,153.26361153991095,153.3610957420345,153.5102465520784,153.23327256085327
2025-02-13 19:00:00,1739473200,153.268,153.274,152.804,152.839,2043,9,0,153.16925341993073,153.2865106360296,153.4492241382531,153.229349450795
2025-02-13 19:30:00,1739475000,152.839,153.011,152.765,152.93,1696,9,0,153.11608599327946,153.2355805451682,153.40202194386646,153.22637084929457
2025-02-13 20:00:00,1739476800,152.93,152.99,152.706,152.818,1347,9,0,153.04984466143958,153.17592618157275,153.34892903987858,153.22230745775929
2025-02-13 20:30:00,1739478600,152.818,152.836,152.694,152.74,1391,9,0,152.98099029223079,153.11365101277664,153.29357185443507,153.2175083785776
2025-02-13 21:00:00,1739480400,152.731,152.784,152.719,152.78,497,9,0,152.93632578284615,153.06598658238,153.24688350403187,153.21315506137785
2025-02-13 21:30:00,1739482200,152.779,152.837,152.742,152.792,661,9,0,152.90425338665813,153.02684564203997,153.20553045821077,153.20896446375218
2025-02-13 22:00:00,1739484000,152.763,152.826,152.65,152.747,403,38,0,152.86930818962298,152.98686769317712,153.1638458711007,153.20436780242133
2025-02-13 22:30:00,1739485800,152.733,152.824,152.721,152.824,392,38,0,152.8592397030401,152.9636008798661,153.13295079190974,153.2005830481684
2025-02-13 23:00:00,1739487600,152.844,153.028,152.803,153.009,853,9,0,152.8925197690312,152.97008646845666,153.12168253809975,153.19867674918166
2025-02-13 23:30:00,1739489400,153.009,153.144,152.948,152.984,1138,9,0,152.91284870924648,152.97207411582002,153.10916594372702,153.19654066212513
2025-02-14 00:00:00,1739491200,152.987,153.099,152.583,152.676,3445,9,0,152.86021566274724,152.92977781356004,153.06978722157,153.19136115304926
2025-02-14 00:30:00,1739493000,152.676,152.901,152.569,152.638,3779,9,0,152.81083440435896,152.88809526876574,153.0305338377909,153.1858550719244
2025-02-14 01:00:00,1739494800,152.64,152.64,152.443,152.535,3167,9,0,152.74953787005697,152.83765308751347,152.98548530708263,153.1793789020545
2025-02-14 01:30:00,1739496600,152.537,152.611,152.441,152.564,2062,9,0,152.70830723226652,152.79855978929726,152.9471684609842,153.17325572889973
2025-02-14 02:00:00,1739498400,152.567,152.748,152.518,152.744,1607,9,0,152.71623895842953,152.79076553368338,152.92869860089473,153.16898452761717
2025-02-14 02:30:00,1739500200,152.744,152.872,152.7,152.826,1570,9,0,152.74063030100075,152.79579902887147,152.91936236444974,153.16557174624785
2025-02-14 03:00:00,1739502000,152.824,153.004,152.806,152.944,1400,9,0,152.78582356744502,152.81697059617554,152.92160214949976,153.16336705225535
2025-02-14 03:30:00,1739503800,152.944,152.963,152.811,152.836,1232,9,0,152.79697388579058,152.81968908243618,152.91382013590885,153.16010966865082
2025-02-14 04:00:00,1739505600,152.836,152.891,152.759,152.798,1314,9,0,152.79720191117045,152.81659064208816,152.9032910326444,153.15650658737073
2025-02-14 04:30:00,1739507400,152.797,152.798,152.619,152.632,1120,9,0,152.76049037535478,152.79022055036128,152.8786282114949,153.15128761635214
2025-02-14 05:00:00,1739509200,152.632,152.687,152.579,152.668,1087,9,0,152.7399369586093,152.77276047173825,152.8594801922681,153.14647878434863
2025-02-14 05:30:00,1739511000,152.668,152.733,152.553,152.615,1339,9,0,152.71217319002943,152.75022326148994,152.83725472024372,153.1411904382357
2025-02-14 06:00:00,1739512800,152.612,152.661,152.521,152.611,1593,9,0,152.68969025891178,152.73033422413425,152.81668610931249,153.13591491148708
2025-02-14 06:30:00,1739514600,152.609,152.687,152.436,152.501,1602,9,0,152.6477590902647,152.69757219211508,152.78798737210224,153.12959735017876
2025-02-14 07:00:00,1739516400,152.498,152.72,152.382,152.683,2760,9,0,152.65559040353924,152.69549045038437,152.7784430655475,153.1251535954506
2025-02-14 07:30:00,1739518200,152.683,152.739,152.545,152.724,2356,9,0,152.67079253608608,152.69956324318662,152.77349369595225,153.1211620173864
2025-02-14 08:00:00,1739520000,152.726,152.768,152.476,152.642,3054,9,0,152.66439419473363,152.6913399227314,152.76153972359296,153.11639423611888
2025-02-14 08:30:00,1739521800,152.643,152.783,152.598,152.746,2597,9,0,152.68252881812617,152.69914850519834,152.76012702144814,153.11270872133164
2025-02-14 09:00:00,1739523600,152.748,152.838,152.61,152.622,2020,9,0,152.6690779696537,152.68812729017,152.7475700194983,153.10782604748755
2025-02-14 09:30:00,1739525400,152.622,152.664,152.497,152.511,1891,9,0,152.63394953195288,152.66282339157428,152.72606365408936,153.10188747985086
2025-02-14 10:00:00,1739527200,152.511,152.563,152.462,152.544,1508,9,0,152.6139607470745,152.6458486213494,152.7095124128085,153.09633636064837
2025-02-14 10:30:00,1739529000,152.541,152.587,152.487,152.522,1337,9,0,152.59352502550237,152.6281559611566,152.6924658298259,153.09062157099018
2025-02-14 11:00:00,1739530800,152.52,152.646,152.486,152.639,1267,9,0,152.60363057539075,152.62970510956282,152.68760529984172,153.08612782401516
2025-02-14 11:30:00,1739532600,152.638,152.739,152.603,152.702,1343,9,0,152.62549044752615,152.64003295105385,152.68891390894703,153.08230565661205
2025-02-14 12:00:00,1739534400,152.701,152.729,152.629,152.656,1409,9,0,152.6322703480759,152.64231395804617,152.6859217354064,153.07806380928258
2025-02-14 12:30:00,1739536200,152.656,152.737,152.592,152.734,1443,9,0,152.65487693739237,152.6554119640396,152.69029248673309,153.07464028879224
2025-02-14 13:00:00,1739538000,152.735,152.821,152.723,152.75,2148,9,0,152.67601539574963,152.66892454060536,152.6957204424846,153.07141003716245
2025-02-14 13:30:00,1739539800,152.755,152.755,152.092,152.172,5545,9,0,152.56401197447192,152.5979353205189,152.6481094931678,153.06246068355887
2025-02-14 14:00:00,1739541600,152.171,152.217,152.06,152.149,3380,9,0,152.47178709125595,152.53380170330192,152.6027359028798,153.05337152252844
2025-02-14 14:30:00,1739543400,152.149,152.306,152.071,152.239,3264,9,0,152.4200566265324,152.4916871742588,152.56966900261799,153.0452683232993
2025-02-14 15:00:00,1739545200,152.24,152.375,152.23,152.309,2424,9,0,152.39537737619187,152.46558900650754,152.5459718205618,153.03794227033114
2025-02-14 15:30:00,1739547000,152.309,152.335,152.094,152.137,2522,9,0,152.33796018148257,152.41864771986363,152.50879256414706,153.02897767062635
2025-02-14 16:00:00,1739548800,152.139,152.191,152.018,152.065,2132,9,0,152.27730236337533,152.36812661702598,152.4684477855882,153.01938585300817
2025-02-14 16:30:00,1739550600,152.065,152.257,152.056,152.248,1497,9,0,152.2707907270697,152.35096567173656,152.44840707780745,153.01171037188374
2025-02-14 17:00:00,1739552400,152.248,152.346,152.218,152.335,1291,9,0,152.28505945438755,152.3486848614885,152.4380973434613,153.00497693534757
2025-02-14 17:30:00,1739554200,152.333,152.337,152.263,152.289,1172,9,0,152.2859351311903,152.34015845270443,152.42454303951027,152.99785278673716
2025-02-14 18:00:00,1739556000,152.288,152.373,152.277,152.367,1026,9,0,152.30394954648136,152.34399295946093,152.41931185410024,152.99157564458056
2025-02-14 18:30:00,1739557800,152.367,152.388,152.298,152.301,766,9,0,152.30329409170773,152.33785110810936,152.40855623100023,152.984704245132
2025-02-14 19:00:00,1739559600,152.301,152.339,152.254,152.266,859,9,0,152.29500651577268,152.32758666409373,152.39559657363657,152.9775529591108
2025-02-14 19:30:00,1739561400,152.265,152.271,152.174,152.206,1093,9,0,152.27522729004542,152.31021714065176,152.3783605214878,152.96987581523905
2025-02-14 20:00:00,1739563200,152.208,152.3,152.208,152.283,787,9,0,152.27695455892422,152.3063289777015,152.3696913831707,152.9630412300128
2025-02-14 20:30:00,1739565000,152.284,152.35,152.282,152.322,705,9,0,152.28696465694105,152.3085676951727,152.36535580288245,152.95666271031118
2025-02-14 21:00:00,1739566800,152.319,152.32,152.235,152.274,442,9,0,152.28408362206528,152.3036294530052,152.35705072989313,152.949870046527
2025-02-14 21:30:00,1739568600,152.275,152.34,152.243,152.297,507,9,0,152.286953928273,152.30268238829015,152.35159157263013,152.94337382715858
2025-02-16 22:00:00,1739743200,152.16,152.239,152.102,152.228,386,61,0,152.27385305532346,152.2920134756773,152.34035597511829,152.93625567962465
2025-02-16 22:30:00,1739745000,152.141,152.271,152.141,152.27,354,38,0,152.27299682080715,152.2888686934377,152.33395997738026,152.92962626987713
2025-02-16 23:00:00,1739746800,152.282,152.317,152.165,152.296,624,9,0,152.27810863840557,152.28988745151804,152.3305090703457,152.92332153087338
2025-02-16 23:30:00,1739748600,152.296,152.38,151.956,152.005,1112,9,0,152.217417829871,152.24918924415834,152.30091733667788,152.914184003203
2025-02-17 00:00:00,1739750400,152.004,152.114,151.905,152.007,2402,9,0,152.1706583121219,152.21459078070717,152.27419757879807,152.90515729670346
2025-02-17 00:30:00,1739752200,152.005,152.044,151.783,151.88,3081,9,0,152.1060675760948,152.166792097749,152.23836143527097,152.89495672658703
2025-02-17 01:00:00,1739754000,151.879,151.889,151.744,151.773,1973,9,0,152.03205255918485,152.1105360837849,152.19605585024632,152.88379297806378
2025-02-17 01:30:00,1739755800,151.774,151.906,151.736,151.895,1836,9,0,152.00159643492157,152.07974521467276,152.16868713658758,152.87395424196365
2025-02-17 02:00:00,1739757600,151.894,151.933,151.75,151.763,1654,9,0,151.948575004939,152.03449589829094,152.1318064878069,152.86289997089932
2025-02-17 02:30:00,1739759400,151.763,151.766,151.503,151.55,2125,9,0,151.86000278161922,151.9652821985351,152.07891498891536,152.84983628959685
2025-02-17 03:00:00,1739761200,151.551,151.659,151.529,151.643,1504,9,0,151.81177994125937,151.91924188445867,152.03928635355942,152.83782796830732
2025-02-17 03:30:00,1739763000,151.641,151.657,151.587,151.615,1297,9,0,151.76805106542395,151.87577875810743,152.0007148668722,152.8256605258366
2025-02-17 04:00:00,1739764800,151.616,151.774,151.603,151.733,1090,9,0,151.76026193977418,151.8553817926635,151.976377151702,152.81478828179846
2025-02-17 04:30:00,1739766600,151.734,151.765,151.639,151.682,1192,9,0,151.74287039760213,151.83061296514018,151.94961559245635,152.80351675660643
2025-02-17 05:00:00,1739768400,151.682,151.684,151.527,151.579,1918,9,0,151.70645475369056,151.79466825583444,151.9159232658694,152.79133251027204
2025-02-17 05:30:00,1739770200,151.578,151.703,151.47,151.522,2361,9,0,151.66546480842598,151.7557156478581,151.88011205988124,152.77870233604048
2025-02-17 06:00:00,1739772000,151.522,151.751,151.488,151.702,2193,9,0,151.67358373988688,151.74804198387835,151.8639200544375,152.76798887996048
2025-02-17 06:30:00,1739773800,151.702,151.787,151.669,151.705,1928,9,0,151.68056513102312,151.7418931290386,151.84947277676136,152.75741187617982
2025-02-17 07:00:00,1739775600,151.703,151.72,151.596,151.648,1891,9,0,151.6733284352402,151.72847982489023,151.83115706978307,152.7463729520387
2025-02-17 07:30:00,1739777400,151.648,151.888,151.645,151.861,2005,9,0,151.71503322740904,151.74741127847736,151.83387006343918,152.7375632709239
2025-02-17 08:00:00,1739779200,151.862,151.94,151.829,151.907,2108,9,0,151.75769251020705,151.7702096672663,151.84051823949017,152.72929895977046
2025-02-17 08:30:00,1739781000,151.904,151.929,151.741,151.76,1833,9,0,151.7582052857166,151.76875114337113,151.83319839953649,152.7196541940016
2025-02-17 09:00:00,1739782800,151.758,151.81,151.719,151.786,1554,9,0,151.76438188889068,151.7712152657467,151.82890763594224,152.710364102519
2025-02-17 09:30:00,1739784600,151.786,151.846,151.725,151.803,1247,9,0,151.77296369135942,151.7757559420686,151.82655239631111,152.70133560398648
2025-02-17 10:00:00,1739786400,151.803,151.836,151.708,151.741,1279,9,0,151.76586064883512,151.77079080748737,151.81877490573737,152.69178002583737
2025-02-17 10:30:00,1739788200,151.741,151.779,151.589,151.609,1344,9,0,151.73100272687176,151.7476778349892,151.79970445976124,152.68100609523202
2025-02-17 11:00:00,1739790000,151.608,151.701,151.599,151.691,1202,9,0,151.7221132320114,151.7395810014193,151.7898222361466,152.6711552883143
2025-02-17 11:30:00,1739791800,151.691,151.713,151.491,151.503,1257,9,0,151.67342140267553,151.70578371550226,151.763747487406,152.6595318526097
2025-02-17 12:00:00,1739793600,151.503,151.534,151.411,151.428,1356,9,0,151.6188833131921,151.66610032757336,151.7332249885509,152.64727780432503
2025-02-17 12:30:00,1739795400,151.43,151.507,151.396,151.503,1408,9,0,151.59313146581607,151.64280028077718,151.71229544413717,152.63589195552578
2025-02-17 13:00:00,1739797200,151.503,151.527,151.448,151.474,976,9,0,151.56665780674584,151.61868595495187,151.69063222194288,152.62433084154046
2025-02-17 13:30:00,1739799000,151.474,151.512,151.434,151.474,881,9,0,151.54606718302455,151.59801653281588,151.67093838358443,152.61288476351518
2025-02-17 14:00:00,1739800800,151.472,151.488,151.417,151.468,1023,9,0,151.5287189201302,151.5794427424136,151.6524894396222,152.60149287532101
2025-02-17 14:30:00,1739802600,151.468,151.497,151.428,151.472,936,9,0,151.5161147156568,151.56409377921167,151.63608130874744,152.5902541402432
2025-02-17 15:00:00,1739804400,151.468,151.475,151.422,151.447,971,9,0,151.50075588995531,151.54736609646716,151.6188920988613,152.5788784771562
2025-02-17 15:30:00,1739806200,151.447,151.472,151.335,151.362,1138,9,0,151.469921247743,151.52088522554328,151.59553827169208,152.56677023360243
2025-02-17 16:00:00,1739808000,151.364,151.436,151.336,151.407,944,9,0,151.45593874824456,151.50461590760855,151.57839842881097,152.55523023127802
2025-02-17 16:30:00,1739809800,151.407,151.441,151.379,151.435,505,9,0,151.45128569307911,151.4946707779502,151.56536220801,152.54408366181255
2025-02-17 17:00:00,1739811600,151.435,151.44,151.365,151.412,607,9,0,151.44255553906154,151.48286066681447,151.55142018909999,152.53281914776466
2025-02-17 17:30:00,1739813400,151.412,151.45,151.37,151.383,547,9,0,151.42932097482566,151.46859485726958,151.53610926281817,152.52137816121973
2025-02-17 18:00:00,1739815200,151.382,151.418,151.366,151.392,368,9,0,151.4210274248644,151.4576527348025,151.5230084207438,152.51014056757575
2025-02-17 18:30:00,1739817000,151.392,151.408,151.375,151.376,352,9,0,151.4110213304501,151.44598805840215,151.50964401885798,152.49885558680384
2025-02-17 19:00:00,1739818800,151.377,151.399,151.362,151.388,460,9,0,151.40590547923898,151.437704050059,151.49858547168907,152.48780229738293
2025-02-17 19:30:00,1739820600,151.389,151.4,151.387,151.399,386,9,0,151.40437092829697,151.4321749000506,151.48953224699008,152.47696844367763
2025-02-17 20:00:00,1739822400,151.398,151.411,151.391,151.399,256,9,0,151.40317738867543,151.4274356286148,151.48130204271826,152.46624238951168
2025-02-17 20:30:00,1739824200,151.399,151.426,151.375,151.401,548,9,0,151.40269352452532,151.4236591102413,151.4740018570166,152.45564296275037
2025-02-17 21:00:00,1739826000,151.394,151.469,151.391,151.468,445,9,0,151.4172060746308,151.42999352306396,151.47345623365143,152.44581566958868
2025-02-17 21:30:00,1739827800,151.468,151.523,151.457,151.492,342,9,0,151.43382694693506,151.43885159119768,151.4751420305922,152.4363249664087
2025-02-17 22:00:00,1739829600,151.488,151.488,151.322,151.395,284,38,0,151.42519873650502,151.43258707816946,151.46785639144744,152.42596352395688
2025-02-17 22:30:00,1739831400,151.405,151.509,151.405,151.509,338,38,0,151.4438212395039,151.44350320985956,151.47159671949768,152.41683950879315
2025-02-17 23:00:00,1739833200,151.517,151.614,151.395,151.556,638,9,0,151.4687498529475,151.45957417987964,151.4792697449979,152.4082739415415
2025-02-17 23:30:00,1739835000,151.556,151.556,151.216,151.434,987,9,0,151.46102766340363,151.45592072561112,151.47515431363448,152.39857967346646
2025-02-18 00:00:00,1739836800,151.435,151.654,151.413,151.599,2561,9,0,151.49168818264727,151.47636062195238,151.48641301239496,152.39062365681505
2025-02-18 00:30:00,1739838600,151.599,151.716,151.551,151.68,2798,9,0,151.5335352531701,151.5054519616735,151.50401182944995,152.3835527746577
2025-02-18 01:00:00,1739840400,151.683,151.785,151.594,151.766,2302,9,0,151.58519408579897,151.54267311000586,151.52782893586357,152.37740797092977
2025-02-18 01:30:00,1739842200,151.763,151.793,151.678,151.725,1879,9,0,151.61626206673253,151.56871980857647,151.54575357805777,152.3709163493285
2025-02-18 02:00:00,1739844000,151.725,151.825,151.686,151.809,1348,9,0,151.65909271856975,151.60304555020844,151.5696850709616,152.36532514187252
2025-02-18 02:30:00,1739845800,151.808,151.851,151.777,151.837,1051,9,0,151.6986276699987,151.63646761446438,151.5939864281469,152.36006817528673
2025-02-18 03:00:00,1739847600,151.837,151.98,151.795,151.907,1447,9,0,151.7449326322212,151.67511509811231,151.6224422074063,152.35556003423912
2025-02-18 03:30:00,1739849400,151.907,152.09,151.856,152.077,2049,9,0,151.81872538061648,151.73252722695344,151.66376564309664,152.35278829260488
2025-02-18 04:00:00,1739851200,152.079,152.144,152.045,152.05,1409,9,0,151.87011974047948,151.7778804802458,151.69887785736057,152.349775473773
2025-02-18 04:30:00,1739853000,152.048,152.192,152.032,152.143,1484,9,0,151.93075979815072,151.8300404116393,151.7392525976005,152.34771800637228
2025-02-18 05:00:00,1739854800,152.142,152.219,152.049,152.073,1229,9,0,151.962368731895,151.86474892426224,151.76959327054593,152.34498449387107
2025-02-18 05:30:00,1739856600,152.072,152.143,151.987,152.001,1671,9,0,151.97095345814054,151.88421336365337,151.79063024595084,152.34156176258878
2025-02-18 06:00:00,1739858400,152.001,152.071,151.933,151.98,1639,9,0,151.97296380077597,151.89789716884576,151.8078456781371,152.3379641331103
2025-02-18 06:30:00,1739860200,151.98,152.004,151.881,151.936,1373,9,0,151.96474962282576,151.90334043043921,151.81949607103374,152.33396448999477
2025-02-18 07:00:00,1739862000,151.934,151.954,151.79,151.841,1643,9,0,151.93724970664226,151.89443465466218,151.82145097366705,152.32905937069134
2025-02-18 07:30:00,1739863800,151.841,152.066,151.841,152.052,1365,9,0,151.96274977183288,151.91694398971043,151.84240997606096,152.32630256103272
2025-02-18 08:00:00,1739865600,152.051,152.1,151.918,151.967,1887,9,0,151.96369426698112,151.92409484832322,151.8537363418736,152.3227274111717
2025-02-18 08:30:00,1739867400,151.969,152.012,151.81,151.942,1579,9,0,151.9588733187631,151.92665272713418,151.86176031079418,152.31893907872225
2025-02-18 09:00:00,1739869200,151.942,151.967,151.872,151.945,1274,9,0,151.95579035903796,151.92927376611502,151.86932755526743,152.3152182918693
2025-02-18 09:30:00,1739871000,151.945,151.947,151.788,151.838,1184,9,0,151.9296147236962,151.91623465667004,151.86647959569765,152.31046985115415
2025-02-18 10:00:00,1739872800,151.838,151.842,151.713,151.718,1380,9,0,151.88258922954148,151.8879154200029,151.85298145063425,152.30457462875464
2025-02-18 10:30:00,1739874600,151.719,151.783,151.703,151.763,996,9,0,151.85601384519893,151.8700703600025,151.8448013187584,152.29918582647846
2025-02-18 11:00:00,1739876400,151.76,151.808,151.733,151.77,936,9,0,151.83689965737696,151.85577459428785,151.8380011988713,152.29392029586677
2025-02-18 11:30:00,1739878200,151.77,151.784,151.673,151.781,935,9,0,151.8244775112932,151.8450925093896,151.83281927170117,152.2888166113308
2025-02-18 12:00:00,1739880000,151.782,151.878,151.758,151.838,1264,9,0,151.8274825087836,151.84407929376252,151.83329024700106,152.2843308739046
2025-02-18 12:30:00,1739881800,151.838,151.863,151.711,151.722,1156,9,0,151.80404195127613,151.8266393946536,151.82317295181915,152.27873554182594
2025-02-18 13:00:00,1739883600,151.722,151.761,151.626,151.674,1509,9,0,151.77514373988143,151.80483376684595,151.809611774381,152.27271827275302
2025-02-18 13:30:00,1739885400,151.671,151.75,151.639,151.693,1832,9,0,151.75688957546333,151.7888575144394,151.79901070398273,152.2669499317306
2025-02-18 14:00:00,1739887200,151.694,151.776,151.642,151.72,1786,9,0,151.74869189202704,151.77902072666234,151.79182791271157,152.2615076438527
2025-02-18 14:30:00,1739889000,151.719,151.853,151.684,151.806,1826,9,0,151.76142702713213,151.78287490856772,151.79311628428323,152.25697522948602
2025-02-18 15:00:00,1739890800,151.805,151.805,151.581,151.591,1795,9,0,151.7235543544361,151.75546420734378,151.77474207662112,152.25034861028715
2025-02-18 15:30:00,1739892600,151.594,151.687,151.524,151.654,1588,9,0,151.70809783122806,151.74096932058038,151.763765524201,152.24441479326936
2025-02-18 16:00:00,1739894400,151.651,151.748,151.643,151.702,1450,9,0,151.70674275762184,151.73540227478318,151.75815047654638,152.23901763114728
2025-02-18 16:30:00,1739896200,151.702,151.866,151.683,151.784,1395,9,0,151.7239110337059,151.74234480695702,151.76050043322397,152.2344900925289
2025-02-18 17:00:00,1739898000,151.784,151.919,151.774,151.884,1250,9,0,151.75948635954902,151.76258126310603,151.77172766656724,152.23100262892166
2025-02-18 17:30:00,1739899800,151.885,151.961,151.858,151.928,909,9,0,151.79693383520478,151.78621251123374,151.78593424233384,152.2279876773901
2025-02-18 18:00:00,1739901600,151.927,151.992,151.904,151.979,952,9,0,151.83739298293705,151.81375358105748,151.80348567484893,152.22551018806286
2025-02-18 18:30:00,1739903400,151.979,152.042,151.925,151.975,1017,9,0,151.86797232006214,151.83678878376358,151.8190778862263,152.22301754937567
2025-02-18 19:00:00,1739905200,151.975,151.987,151.896,151.917,855,9,0,151.87886736004833,151.8482475289402,151.82797989656936,152.21997259863562
2025-02-18 19:30:00,1739907000,151.919,151.964,151.869,151.92,864,9,0,151.88800794670425,151.85849788194875,151.83634536051758,152.21698779665917
2025-02-18 20:00:00,1739908800,151.922,152.053,151.922,152.044,855,9,0,151.92267284743664,151.8849981845275,151.85522305501598,152.21526652505062
2025-02-18 20:30:00,1739910600,152.045,152.06,152.01,152.014,825,9,0,151.9429677702285,151.90342701530926,151.86965732274177,152.2132638730601
2025-02-18 21:00:00,1739912400,152.008,152.119,151.993,152.118,484,9,0,151.98186382128884,151.9340802988365,151.89223392976524,152.2123159738257
2025-02-18 21:30:00,1739914200,152.118,152.118,152.042,152.042,481,9,0,151.99522741655798,151.94949739900272,151.9058490270593,152.210621287519
2025-02-18 22:00:00,1739916000,152.01,152.039,151.854,151.979,607,38,0,151.99162132398953,151.95371205628805,151.91249911550844,152.20831659809093
2025-02-18 22:30:00,1739917800,151.985,152.053,151.967,152.045,652,38,0,152.00348325199187,151.96675319110406,151.9245446504622,152.20669155731392
2025-02-18 23:00:00,1739919600,152.057,152.092,151.989,152.059,566,9,0,152.01582030710478,151.97993130666063,151.93676786405655,152.20522198957946
2025-02-18 23:30:00,1739921400,152.059,152.06,151.902,151.919,585,9,0,151.9943046833037,151.97122683428054,151.93515260368775,152.20237400958365
2025-02-19 00:00:00,1739923200,151.919,151.948,151.827,151.929,1950,9,0,151.97979253145843,151.9651944293833,151.93459327607977,152.19965387018482
2025-02-19 00:30:00,1739925000,151.929,152.106,151.894,152.076,1828,9,0,152.0011719689121,151.98102379661427,151.94744843279977,152.19842348341683
2025-02-19 01:00:00,1739926800,152.072,152.108,151.855,151.888,1854,9,0,151.97602264248718,151.96773468281222,151.94204402981796,152.19533469253707
2025-02-19 01:30:00,1739928600,151.888,152.158,151.741,152.133,3123,9,0,152.01090649971223,151.99134401383907,151.95940366347088,152.1947144468402
2025-02-19 02:00:00,1739930400,152.135,152.309,152.074,152.113,2381,9,0,152.03359394422063,152.0087234404335,151.9733669667917,152.19390136776718
2025-02-19 02:30:00,1739932200,152.11,152.11,151.967,152.025,1588,9,0,152.03168417883825,152.01104866322873,151.97806087890154,152.19222075714262
2025-02-19 03:00:00,1739934000,152.028,152.088,151.921,151.966,1676,9,0,152.01708769465196,152.00461313991033,151.97696443536503,152.18996980433525
2025-02-19 03:30:00,1739935800,151.964,152.033,151.857,151.892,1353,9,0,151.98929042917376,151.98852554849458,151.9692403957864,152.1870049306603
2025-02-19 04:00:00,1739937600,151.892,151.934,151.812,151.908,1415,9,0,151.97122588935736,151.97702189870964,151.96367308707852,152.184228762196
2025-02-19 04:30:00,1739939400,151.909,151.933,151.736,151.761,1499,9,0,151.92450902505573,151.94616162746541,151.94524826098046,152.18001753073136
2025-02-19 05:00:00,1739941200,151.761,151.87,151.717,151.848,1133,9,0,151.9075070194878,151.9321385378275,151.93640750998222,152.1767138737092
2025-02-19 05:30:00,1739943000,151.848,151.866,151.703,151.754,1523,9,0,151.87339434849054,151.90669017528074,151.91982500907474,152.1725077655131
2025-02-19 06:00:00,1739944800,151.753,151.775,151.59,151.594,1973,9,0,151.81130671549263,151.86202015024062,151.8902045537043,152.16675146933883
2025-02-19 06:30:00,1739946600,151.595,151.67,151.587,151.634,1737,9,0,151.77190522316093,151.8294458430634,151.86691323064028,152.16145045969367
2025-02-19 07:00:00,1739948400,151.632,151.777,151.582,151.759,1941,9,0,151.76903739579183,151.81938215119723,151.85710293694572,152.15744597750768
2025-02-19 07:30:00,1739950200,151.761,151.783,151.623,151.66,1823,9,0,151.74480686339365,151.79661327245478,151.83918448813247,152.1524962662887
2025-02-19 08:00:00,1739952000,151.657,151.824,151.608,151.81,1857,9,0,151.75929422708396,151.79852566210408,151.83653135284771,152.14908834324106
2025-02-19 08:30:00,1739953800,151.807,151.853,151.662,151.718,1443,9,0,151.75011773217642,151.78702199608924,151.8257557753161,152.14479890698993
2025-02-19 09:00:00,1739955600,151.718,151.749,151.658,151.679,1491,9,0,151.73431379169278,151.7715902823622,151.81241434119644,152.14016409199502
2025-02-19 09:30:00,1739957400,151.679,151.679,151.543,151.649,1721,9,0,151.71535517131662,151.7540773848819,151.79755849199674,152.13527688709954
2025-02-19 10:00:00,1739959200,151.65,151.83,151.65,151.765,1373,9,0,151.7263873554685,151.75563775847021,151.79459862908791,152.1315925399642
2025-02-19 10:30:00,1739961000,151.765,151.788,151.706,151.73,1169,9,0,151.7271901653644,151.7519752215459,151.78872602644356,152.12759659429292
2025-02-19 11:00:00,1739962800,151.729,151.855,151.728,151.824,1729,9,0,151.74870346195007,151.76226447561078,151.79193275131232,152.12457573265817
2025-02-19 11:30:00,1739964600,151.823,151.952,151.819,151.841,1400,9,0,151.76921380373895,151.77351240766637,151.79639341028394,152.121754083577
2025-02-19 12:00:00,1739966400,151.844,151.885,151.753,151.799,1265,9,0,151.77583295846364,151.77715349228546,151.7966303729854,152.11854260015832
2025-02-19 12:30:00,1739968200,151.803,151.927,151.79,151.907,1417,9,0,151.80498118991616,151.79570299338755,151.80666397544127,152.1164376986642
2025-02-19 13:00:00,1739970000,151.905,151.911,151.779,151.836,1820,9,0,151.81187425882368,151.8014597086179,151.8093308867648,152.1136472738019
2025-02-19 13:30:00,1739971800,151.833,151.837,151.686,151.688,1660,9,0,151.78434664575173,151.78525117881534,151.79830080614983,152.10941197754516
2025-02-19 14:00:00,1739973600,151.689,151.717,151.553,151.601,1831,9,0,151.74360294669577,151.75892958184173,151.7803643692271,152.10435315189798
2025-02-19 14:30:00,1739975400,151.599,151.617,151.327,151.332,2604,9,0,151.65213562520782,151.6979396415786,151.73960397202464,152.09666804590896
2025-02-19 15:00:00,1739977200,151.333,151.409,151.239,151.326,2312,9,0,151.5796610418283,151.6448054070674,151.70200361093148,152.0889997071437
2025-02-19 15:30:00,1739979000,151.326,151.5,151.268,151.416,2382,9,0,151.543291921422,151.61211892034348,151.67600328266496,152.08230319264476
2025-02-19 16:00:00,1739980800,151.417,151.633,151.417,151.614,2034,9,0,151.55900482777267,151.6123876460087,151.6703666206045,152.07764345938463
2025-02-19 16:30:00,1739982600,151.617,151.691,151.614,151.668,1445,9,0,151.58322597715653,151.62033226800747,151.67015147327683,152.07356740506242
2025-02-19 17:00:00,1739984400,151.668,151.699,151.621,151.661,995,9,0,151.60050909334396,151.6261419440064,151.66931952116076,152.06946225675333
2025-02-19 17:30:00,1739986200,151.664,151.754,151.632,151.707,971,9,0,151.62417373926752,151.63769309486264,151.67274501923706,152.0658556671339
2025-02-19 18:00:00,1739988000,151.707,151.826,151.696,151.771,1196,9,0,151.65680179720806,151.6567369384537,151.6816772902155,152.06292177989872
2025-02-19 18:30:00,1739989800,151.768,151.778,151.614,151.639,1082,9,0,151.65284584227294,151.65420309010318,151.67779753655952,152.05870365273555
2025-02-19 19:00:00,1739991600,151.641,151.668,151.389,151.472,1994,9,0,151.6126578773234,151.6281740772313,151.65908866959956,152.05286580544464
2025-02-19 19:30:00,1739993400,151.472,151.56,151.472,151.519,1341,9,0,151.59184501569598,151.61257778048397,151.64635333599958,152.04755370787802
2025-02-19 20:00:00,1739995200,151.52,151.568,151.482,151.484,942,9,0,151.56787945665243,151.59420952612913,151.63159394181778,152.04194620829716
2025-02-19 20:30:00,1739997000,151.483,151.512,151.447,151.474,861,9,0,151.54701735517412,151.57703673668212,151.61726721983436,152.03629500224446
2025-02-19 21:00:00,1739998800,151.464,151.496,151.455,151.496,433,9,0,151.53568016513543,151.56546006001327,151.60624292712217,152.0309189325704
2025-02-19 21:30:00,1740000600,151.497,151.514,151.28,151.282,368,9,0,151.47930679510534,151.52496576572565,151.57676629738378,152.02346700289306
2025-02-19 22:00:00,1740002400,151.243,151.406,151.168,151.378,456,38,0,151.45679417397082,151.50397065633626,151.55869663398525,152.01704444565033
2025-02-19 22:30:00,1740004200,151.391,151.41,151.35,151.383,344,38,0,151.44039546864397,151.48668913400252,151.54272421271386,152.0107355456936
2025-02-19 23:00:00,1740006000,151.393,151.394,151.233,151.315,715,9,0,151.4125298089453,151.4621621148593,151.52202201155805,152.0038128039454
2025-02-19 23:30:00,1740007800,151.315,151.424,151.115,151.22,1204,9,0,151.36974540695746,151.42756752702226,151.49456546505277,151.99601367156785
2025-02-20 00:00:00,1740009600,151.221,151.234,151.081,151.097,3163,9,0,151.3091353165225,151.3803435945905,151.45842315004796,151.9870682619005
2025-02-20 00:30:00,1740011400,151.095,151.121,150.832,150.985,3921,9,0,151.23710524618417,151.32386593822042,151.41538468186178,151.9770974334239
2025-02-20 01:00:00,1740013200,150.982,150.994,150.614,150.714,3995,9,0,151.12085963592102,151.23674223276035,151.35162243805618,151.964529299758
2025-02-20 01:30:00,1740015000,150.714,150.725,150.566,150.635,2720,9,0,151.01289082793858,151.15077905665171,151.28647494368744,151.9513001524967
2025-02-20 02:00:00,1740016800,150.638,150.66,150.465,150.651,2589,9,0,150.93247064395223,151.0793820485586,151.2287044942613,151.93836184252163
2025-02-20 02:30:00,1740018600,150.651,150.757,150.446,150.699,2446,9,0,150.88058827862952,151.0250417559074,151.18054954023756,151.92602988388958
2025-02-20 03:00:00,1740020400,150.7,150.742,150.583,150.69,1535,9,0,150.83823532782296,150.97717864792062,151.13595412748867,151.91373107907478
2025-02-20 03:30:00,1740022200,150.689,150.693,150.386,150.429,2281,9,0,150.7472941438623,150.8988674125034,151.07168557044426,151.89895763550192
2025-02-20 04:00:00,1740024000,150.426,150.479,150.285,150.321,2201,9,0,150.6525621118929,150.81631492500293,151.0034414276766,151.8832565645019
2025-02-20 04:30:00,1740025800,150.32,150.369,150.241,150.253,1645,9,0,150.56377053147227,150.73584136428823,150.93521947970598,151.86703510614865
2025-02-20 05:00:00,1740027600,150.252,150.345,150.177,150.262,1510,9,0,150.49671041336734,150.6681497408185,150.87401770882363,151.85106460758
2025-02-20 05:30:00,1740029400,150.26,150.403,150.242,150.4,1533,9,0,150.47521921039683,150.6298426349873,150.83092518983966,151.83662615377327
2025-02-20 06:00:00,1740031200,150.398,150.41,150.102,150.139,1961,9,0,150.40050383030865,150.55972225856056,150.76802289985423,151.81973435124817
2025-02-20 06:30:00,1740033000,150.14,150.219,149.977,150.045,2312,9,0,150.32150297912895,150.48619050733762,150.70229354532202,151.80207530297704
2025-02-20 07:00:00,1740034800,150.042,150.218,149.943,150.183,2749,9,0,150.29072453932253,150.44287757771798,150.65508504120183,151.78596510095738
2025-02-20 07:30:00,1740036600,150.183,150.191,150.037,150.168,2124,9,0,150.26345241947308,150.40360935232968,150.61080458291073,151.76986594572398
2025-02-20 08:00:00,1740038400,150.166,150.387,150.154,150.312,2237,9,0,150.27424077070128,150.39052230199687,150.58364052991885,151.7553598169108
2025-02-20 08:30:00,1740040200,150.312,150.35,150.23,150.336,2038,9,0,150.28796504387878,150.3827334017116,150.56112775447167,151.74123683365798
2025-02-20 09:00:00,1740042000,150.339,150.432,150.194,150.33,1602,9,0,150.29730614523908,150.37520005860992,150.54011614042878,151.72719467610915
2025-02-20 09:30:00,1740043800,150.33,150.376,150.259,150.307,1445,9,0,150.29946033518596,150.36545719309422,150.51892376402617,151.71306338579961
2025-02-20 10:00:00,1740045600,150.307,150.314,150.128,150.135,1467,9,0,150.26291359403353,150.3325347369379,150.48402160366015,151.69736126255785
2025-02-20 10:30:00,1740047400,150.135,150.16,150.059,150.074,1120,9,0,150.22093279535943,150.29560120308963,150.44674691241832,151.6812084141742
2025-02-20 11:00:00,1740049200,150.072,150.145,149.981,150.127,1267,9,0,150.2000588408351,150.27151531693397,150.41767901128938,151.66574365383417
2025-02-20 11:30:00,1740051000,150.127,150.249,150.115,150.221,1273,9,0,150.20471243176064,150.2642988430863,150.39979910117216,151.65136809508957
2025-02-20 12:00:00,1740052800,150.221,150.23,149.95,150.05,2356,9,0,150.1703318913694,150.2336847226454,150.3679991828838,151.63543408419315
2025-02-20 12:30:00,1740054600,150.047,150.134,149.916,150.09,2117,9,0,150.15248035995396,150.21315833369604,150.34272652989438,151.6200566306191
2025-02-20 13:00:00,1740056400,150.091,150.099,149.791,149.802,2506,9,0,150.07459583551974,150.15442142888233,150.29356957263124,151.60196651489156
2025-02-20 13:30:00,1740058200,149.8,150.14,149.7,150.08,3720,9,0,150.0757967609598,150.14378979618485,150.2741541569375,151.58682256946977
2025-02-20 14:00:00,1740060000,150.083,150.216,150.012,150.014,3146,9,0,150.0620641474132,150.1252483967299,150.2505037790341,151.57117259365415
2025-02-20 14:30:00,1740061800,150.016,150.03,149.79,149.813,3214,9,0,150.00671655909915,150.08064148291135,150.2107307082128,151.55367833899095
2025-02-20 15:00:00,1740063600,149.81,149.852,149.652,149.678,3496,9,0,149.9336684348549,150.02312127106688,150.1623006438298,151.53501487293133
2025-02-20 15:30:00,1740065400,149.675,149.742,149.464,149.508,3303,9,0,149.83907544933157,149.9495325180573,150.10281876711798,151.5148455707131
2025-02-20 16:00:00,1740067200,149.51,149.735,149.493,149.671,2592,9,0,149.8017253494801,149.90974215833484,150.06356251556178,151.49649884861645
2025-02-20 16:30:00,1740069000,149.671,149.688,149.512,149.63,1893,9,0,149.76356416070675,149.86977899285844,150.0241477414198,151.47792672076955
2025-02-20 17:00:00,1740070800,149.63,149.7,149.483,149.533,1853,9,0,149.7123276805497,149.82166770816437,149.97949794674525,151.45857421608528
2025-02-20 17:30:00,1740072600,149.531,149.531,149.393,149.468,1609,9,0,149.65803264042754,149.77114374985518,149.93299813340477,151.43876750746753
2025-02-20 18:00:00,1740074400,149.466,149.608,149.456,149.581,1273,9,0,149.64091427588806,149.74398035701873,149.90099830309524,151.42028225863703
2025-02-20 18:30:00,1740076200,149.578,149.632,149.507,149.622,1148,9,0,149.63671110346849,149.72655459173035,149.87563482099566,151.4023889028297
2025-02-20 19:00:00,1740078000,149.62,149.81,149.619,149.785,1398,9,0,149.6696641915866,149.73490393576887,149.86739529181423,151.386295480911
2025-02-20 19:30:00,1740079800,149.784,149.8,149.736,149.773,935,9,0,149.69262770456734,149.74034623065904,149.85881390164928,151.37024278955866
2025-02-20 20:00:00,1740081600,149.773,149.824,149.684,149.706,966,9,0,149.6955993257746,149.73543962627917,149.84492172877205,151.35368315981182
2025-02-20 20:30:00,1740083400,149.703,149.72,149.647,149.65,980,9,0,149.68546614226912,149.72323396538215,149.82720157161094,151.3367310885699
2025-02-20 21:00:00,1740085200,149.646,149.672,149.59,149.607,484,9,0,149.66802922176487,149.7066291131847,149.80718324691904,151.3195198339573
2025-02-20 21:30:00,1740087000,149.607,149.638,149.595,149.609,425,9,0,149.65491161692822,149.69268209701548,149.7891665881082,151.30249973610697
2025-02-20 22:00:00,1740088800,149.586,149.624,149.417,149.511,391,38,0,149.62293125761084,149.66672751172757,149.76387871646202,151.284673868086
2025-02-20 22:30:00,1740090600,149.546,149.577,149.486,149.541,531,38,0,149.6047243114751,149.64876643862365,149.74361701496548,151.26732387934882
2025-02-20 23:00:00,1740092400,149.548,149.575,149.297,149.358,832,9,0,149.54989668670285,149.60722837596313,149.70856092269588,151.24832563179314
2025-02-20 23:30:00,1740094200,149.358,149.62,149.268,149.475,1863,9,0,149.53325297854667,149.5883386079684,149.68732811154172,151.23068060063105
2025-02-21 00:00:00,1740096000,149.479,149.892,149.464,149.846,3979,9,0,149.6027523166474,149.62514737825865,149.7017528286743,151.21690268420687
2025-02-21 00:30:00,1740097800,149.847,149.903,149.72,149.828,3069,9,0,149.65280735739242,149.6541263242217,149.71322984424935,151.20308275700086
2025-02-21 01:00:00,1740099600,149.826,150.043,149.785,150.014,3112,9,0,149.733072389083,149.70553684933287,149.74057258568124,151.19125108777698
2025-02-21 01:30:00,1740101400,150.012,150.445,150.003,150.341,3805,9,0,149.86816741373121,149.7963172994282,149.79515689607385,151.18279087794835
2025-02-21 02:00:00,1740103200,150.344,150.587,150.158,150.569,2640,9,0,150.0239079884576,149.90670054236702,149.86550626915803,151.1766835060285
2025-02-21 02:30:00,1740105000,150.569,150.734,150.409,150.474,3536,9,0,150.123928435467,149.98774332202888,149.92082388105274,151.16969163034662
2025-02-21 03:00:00,1740106800,150.471,150.53,150.34,150.48,2154,9,0,150.20305544980766,150.05806570459617,149.97165807368432,151.1628290270596
2025-02-21 03:30:00,1740108600,150.479,150.479,150.222,150.307,2084,9,0,150.2261542387393,150.09362774679673,150.0021437033494,151.15431331534754
2025-02-21 04:00:00,1740110400,150.307,150.322,150.115,150.236,2191,9,0,150.22834218568613,150.1139666401115,150.02340336668126,151.1451758694237
2025-02-21 04:30:00,1740112200,150.237,150.338,150.122,150.326,1338,9,0,150.25004392220032,150.14425712009557,150.05091215152842,151.13702486574783
2025-02-21 05:00:00,1740114000,150.328,150.42,150.311,150.377,1292,9,0,150.27825638393358,150.17750610293905,150.08055650138948,151.12946242927276
2025-02-21 05:30:00,1740115800,150.374,150.486,150.325,150.36,1549,9,0,150.29642163194833,150.20357665966205,150.1059604558086,151.12180608669294
2025-02-21 06:00:00,1740117600,150.359,150.545,150.289,150.499,1750,9,0,150.34143904707093,150.24577999399605,150.14169132346237,151.11560901120347
2025-02-21 06:30:00,1740119400,150.5,150.529,150.37,150.512,1573,9,0,150.37934148105518,150.2838114234252,150.17535574860213,151.1096029513905
2025-02-21 07:00:00,1740121200,150.512,150.552,150.351,150.5,2704,9,0,150.40615448526512,150.31469550579303,150.20486886236557,151.10353725038166
2025-02-21 07:30:00,1740123000,150.502,150.652,150.496,150.542,2470,9,0,150.43634237742842,150.34716757639404,150.23551714760507,151.09794981505448
2025-02-21 08:00:00,1740124800,150.545,150.576,150.35,150.47,3762,9,0,150.443821849111,150.36471506548062,150.25683377055006,151.09170155818828
2025-02-21 08:30:00,1740126600,150.473,150.613,150.337,150.424,2502,9,0,150.439416993753,150.37318434184056,150.27203070050007,151.08505776158938
2025-02-21 09:00:00,1740128400,150.426,150.455,150.343,150.383,1858,9,0,150.42687988403014,150.37458657872048,150.28211881863643,151.07807211222033
2025-02-21 09:30:00,1740130200,150.381,150.496,150.255,150.472,1843,9,0,150.4369065764679,150.38850278176042,150.29938074421491,151.07204154393955
2025-02-21 10:00:00,1740132000,150.469,150.53,150.402,150.423,1190,9,0,150.4338162261417,150.39343095579466,150.31061885837718,151.06558341912424
2025-02-21 10:30:00,1740133800,150.423,150.459,150.345,150.369,1124,9,0,150.41941262033242,150.3899408192526,150.31592623488837,151.0586522408245
2025-02-21 11:00:00,1740135600,150.37,150.426,150.249,150.269,1151,9,0,150.3859875935919,150.37266355935935,150.31166021353485,151.0507950045974
2025-02-21 11:30:00,1740137400,150.271,150.281,150.184,150.268,1101,9,0,150.35976812834926,150.35771162230805,150.3076911032135,151.04300599957654
2025-02-21 12:00:00,1740139200,150.266,150.397,150.244,150.36,1244,9,0,150.35981965538275,150.3580385334069,150.3124464574668,151.03620991997877
2025-02-21 12:30:00,1740141000,150.361,150.485,150.355,150.474,1269,9,0,150.3851930652977,150.37460445720592,150.32713314315163,151.03061579142178
2025-02-21 13:00:00,1740142800,150.474,150.509,150.323,150.343,1773,9,0,150.37581682856487,150.37008953474793,150.3285755846833,151.02377384324845
2025-02-21 13:30:00,1740144600,150.348,150.494,150.346,150.429,1771,9,0,150.387635311106,150.37850531549824,150.33770507698483,151.01785569555446
2025-02-21 14:00:00,1740146400,150.429,150.437,150.255,150.261,1914,9,0,150.3594941308602,150.36171884185566,150.33073188816803,151.01032479311112
2025-02-21 14:30:00,1740148200,150.26,150.272,149.741,149.79,3826,9,0,150.23293987955793,150.28004472159057,150.2815744437891,150.99818225785629
2025-02-21 15:00:00,1740150000,149.788,149.836,149.592,149.627,4367,9,0,150.0982865729895,150.18675261850623,150.22206767617192,150.98453865330052
2025-02-21 15:30:00,1740151800,149.623,149.669,149.504,149.548,2551,9,0,149.97600066788073,150.09550224443393,150.1607887965199,150.97024473635224
2025-02-21 16:00:00,1740153600,149.547,149.618,149.416,149.454,2190,9,0,149.8600005194628,150.00385906665764,150.09653526956356,150.95515772405025
2025-02-21 16:30:00,1740155400,149.455,149.57,149.385,149.492,1817,9,0,149.77822262624886,149.9307363428494,150.04157751778504,150.94059894072637
2025-02-21 17:00:00,1740157200,149.492,149.532,149.33,149.331,1831,9,0,149.6788398204158,149.84505972244236,149.97697956162276,150.9245830308684
2025-02-21 17:30:00,1740159000,149.333,149.351,149.196,149.214,1841,9,0,149.5755420825456,149.75490833352205,149.9076177832934,150.9075623041931
2025-02-21 18:00:00,1740160800,149.213,149.216,148.962,149.067,3421,9,0,149.46253273086882,149.65663571444748,149.83119798481218,150.8892482514151
2025-02-21 18:30:00,1740162600,149.069,149.219,149.061,149.119,2830,9,0,149.38619212400909,149.57983061238355,149.7664527134656,150.87163384095328
2025-02-21 19:00:00,1740164400,149.121,149.133,148.919,148.948,2232,9,0,149.2888160964515,149.48956909632875,149.69204792133237,150.85249320571992
2025-02-21 19:30:00,1740166200,148.948,149.135,148.944,149.069,2195,9,0,149.23996807501783,149.42948779685324,149.63540720121125,150.834747004668
2025-02-21 20:00:00,1740168000,149.07,149.084,148.994,149.017,1672,9,0,149.19041961390275,149.37056096873135,149.5791883647375,150.8166599697957
2025-02-21 20:30:00,1740169800,149.019,149.162,149.006,149.128,1544,9,0,149.17654858859103,149.33590940176975,149.53817124067044,150.79985738303156
2025-02-21 21:00:00,1740171600,149.125,149.186,149.11,149.15,679,9,0,149.17064890223747,149.30935091580264,149.50288294606403,150.78344089165813
2025-02-21 21:30:00,1740173400,149.15,149.336,149.146,149.281,906,9,0,149.19517136840693,149.3053007849737,149.48271176914912,150.7684912310446
2025-02-23 22:00:00,1740348000,149.126,149.243,149.086,149.216,360,38,0,149.1997999532054,149.29254352997745,149.458465244681,150.75304355710387
2025-02-23 22:30:00,1740349800,149.223,149.248,149.137,149.187,460,38,0,149.19695551915976,149.27746588283782,149.43378658607364,150.7374610341476
2025-02-23 23:00:00,1740351600,149.206,149.375,149.178,149.32,1065,9,0,149.22429873712426,149.28354218528958,149.42344235097602,150.72335694425558
2025-02-23 23:30:00,1740353400,149.323,149.394,149.084,149.394,1430,9,0,149.2620101288744,149.29932187310536,149.42076577361456,150.71012951197446
2025-02-24 00:00:00,1740355200,149.402,149.402,148.989,149.036,3047,9,0,149.2117856557912,149.26170446266175,149.38578706692232,150.69347150688017
2025-02-24 00:30:00,1740357000,149.037,149.101,148.841,148.924,3496,9,0,149.1478332878376,149.2134609679958,149.34380642447482,150.6758648252197
2025-02-24 01:00:00,1740358800,148.924,149.11,148.912,149.074,3290,9,0,149.13142589054036,149.1935379725678,149.31927856770437,150.65992587173494
2025-02-24 01:30:00,1740360600,149.076,149.254,148.988,149.234,3049,9,0,149.15422013708695,149.199318262201,149.31152597064033,150.64573755460324
2025-02-24 02:00:00,1740362400,149.238,149.496,149.224,149.349,2875,9,0,149.19750455106762,149.22070136760084,149.31493270058212,150.6328346933634
2025-02-24 02:30:00,1740364200,149.351,149.401,149.223,149.224,2131,9,0,149.20339242860814,149.2211726008007,149.30666609143827,150.61881643770806
2025-02-24 03:00:00,1740366000,149.228,149.345,149.213,149.316,1824,9,0,149.22841633336188,149.2347193721149,149.30751462858024,150.6058530900692
2025-02-24 03:30:00,1740367800,149.313,149.326,149.11,149.159,1350,9,0,149.21299048150368,149.22390231895565,149.2940132987093,150.5914565419093
2025-02-24 04:00:00,1740369600,149.159,149.29,149.128,149.276,1194,9,0,149.2269925967251,149.23134484481915,149.29237572609935,150.57836742208931
2025-02-24 04:30:00,1740371400,149.276,149.311,149.195,149.205,1006,9,0,149.22210535300843,149.22758129555928,149.28443247827212,150.56470207460583
2025-02-24 05:00:00,1740373200,149.208,149.387,149.181,149.355,1650,9,0,149.25163749678433,149.24578396762223,149.2908477075201,150.5526652380426
2025-02-24 05:30:00,1740375000,149.355,149.464,149.346,149.399,1619,9,0,149.28438471972115,149.26767197224763,149.3006797341092,150.5411859819427
2025-02-24 06:00:00,1740376800,149.398,149.485,149.341,149.428,1820,9,0,149.3162992264498,149.29057597621227,149.3122543037356,150.53010950451045
2025-02-24 06:30:00,1740378600,149.426,149.545,149.375,149.461,1863,9,0,149.3484549539054,149.3149222653248,149.32577663975965,150.51947159899294
2025-02-24 07:00:00,1740380400,149.458,149.534,149.383,149.489,2145,9,0,149.37968718637086,149.33979051313557,149.34061512705424,150.50921815024674
2025-02-24 07:30:00,1740382200,149.491,149.526,149.317,149.453,2533,9,0,149.3959789227329,149.35596329697336,149.35083193368567,150.49870851691097
2025-02-24 08:00:00,1740384000,149.45,149.567,149.293,149.298,3143,9,0,149.37420582879224,149.3476828259772,149.34602903062333,150.486761168484
2025-02-24 08:30:00,1740385800,149.301,149.439,149.228,149.415,2114,9,0,149.38327120017175,149.3572995651233,149.35229911874848,150.47609687825036
2025-02-24 09:00:00,1740387600,149.418,149.585,149.375,149.568,2351,9,0,149.42432204457802,149.38739962724856,149.37190828977134,150.46706108841704
2025-02-24 09:30:00,1740389400,149.57,149.596,149.475,149.559,1850,9,0,149.45425047911624,149.41191396621306,149.38891662706484,150.45802565470146
2025-02-24 10:00:00,1740391200,149.559,149.658,149.547,149.616,1462,9,0,149.4901948170904,149.4410691138969,149.40956057005894,150.44964728997806
2025-02-24 10:30:00,1740393000,149.617,149.669,149.571,149.621,1273,9,0,149.51926263551476,149.46677352619736,149.4287823364172,150.4414020433116
2025-02-24 11:00:00,1740394800,149.622,149.752,149.596,149.681,1614,9,0,149.55520427206704,149.49737730816918,149.45171121492473,150.4338358538259
2025-02-24 11:30:00,1740396600,149.68,149.79,149.659,149.731,1290,9,0,149.59426998938548,149.53075197843071,149.47710110447701,150.42684246224556
2025-02-24 12:00:00,1740398400,149.728,149.793,149.615,149.771,1347,9,0,149.6335433250776,149.56507312436918,149.50381918588818,150.42031666660134
2025-02-24 12:30:00,1740400200,149.772,149.828,149.704,149.763,1483,9,0,149.66231147506036,149.59334839231644,149.52738107808014,150.41377620225705
2025-02-24 13:00:00,1740402000,149.761,149.839,149.601,149.719,2024,9,0,149.67490892504694,149.61129862198553,149.54480098007286,150.4068630062147
2025-02-24 13:30:00,1740403800,149.721,149.872,149.631,149.758,1912,9,0,149.69337360836982,149.6322559617019,149.56418270915714,150.40040665789417
2025-02-24 14:00:00,1740405600,149.758,149.82,149.641,149.649,2337,9,0,149.68351280650987,149.63464796717307,149.57189337196104,150.39292997473106
2025-02-24 14:30:00,1740407400,149.647,149.762,149.292,149.317,4718,9,0,149.60206551617435,149.58926968614833,149.5487212472373,150.3822242038382
2025-02-24 15:00:00,1740409200,149.321,149.425,149.225,149.34,4458,9,0,149.54382873480228,149.5536597309843,149.52974658839753,150.37185381375028
2025-02-24 15:30:00,1740411000,149.34,149.372,149.184,149.293,3767,9,0,149.4880890159573,149.51642262655795,149.50822417127048,150.3611189499319
2025-02-24 16:00:00,1740412800,149.294,149.695,149.293,149.636,2895,9,0,149.52095812352235,149.53350510847824,149.51984015570042,150.35390383600225
2025-02-24 16:30:00,1740414600,149.637,149.761,149.561,149.569,2171,9,0,149.53163409607293,149.53857580726705,149.52430923245493,150.3460938475843
2025-02-24 17:00:00,1740416400,149.57,149.705,149.546,149.622,2248,9,0,149.55171540805674,149.55049354908607,149.53319021132265,150.33888893367802
2025-02-24 17:30:00,1740418200,149.622,149.709,149.508,149.575,2342,9,0,149.5568897618219,149.5539944706452,149.5369911012024,150.3312880487658
2025-02-24 18:00:00,1740420000,149.578,149.589,149.38,149.386,1852,9,0,149.51891425919482,149.52999526055302,149.52326463745672,150.3218821975343
2025-02-24 18:30:00,1740421800,149.389,149.61,149.388,149.588,1338,9,0,149.5342666460404,149.5382816519026,149.5291496704152,150.31457988711108
2025-02-24 19:00:00,1740423600,149.59,149.681,149.582,149.681,1228,9,0,149.56687405803143,149.5586699873451,149.542954245832,150.30827560962737
2025-02-24 19:30:00,1740425400,149.682,149.798,149.649,149.673,2369,9,0,149.5904576006911,149.5750028462958,149.55477658712,150.30195445928283
2025-02-24 20:00:00,1740427200,149.674,149.79,149.609,149.741,1671,9,0,149.6239114672042,149.59871672539643,149.5717059882909,150.29637282287206
2025-02-24 20:30:00,1740429000,149.738,149.762,149.631,149.72,1510,9,0,149.64526447449217,149.61604290748267,149.58518726208263,150.29063776990816
2025-02-24 21:00:00,1740430800,149.7,149.786,149.7,149.751,518,9,0,149.66876125793834,149.635322492128,149.60026114734782,150.2852682398593
2025-02-24 21:30:00,1740432600,149.755,149.77,149.685,149.689,512,9,0,149.67325875617428,149.6429907075383,149.60832831577076,150.27933522254727
2025-02-24 22:00:00,1740434400,149.656,149.686,149.497,149.681,484,38,0,149.67497903258,149.64842060646143,149.61493483251886,150.2733816382433
2025-02-24 22:30:00,1740436200,149.684,149.704,149.604,149.696,525,38,0,149.67965035867334,149.65521766268122,149.62230439319896,150.26763654731553
2025-02-24 23:00:00,1740438000,149.727,149.904,149.707,149.886,747,9,0,149.72550583452372,149.68818656801247,149.64627672108998,150.26383916873527
2025-02-24 23:30:00,1740439800,149.887,149.905,149.765,149.905,1109,9,0,149.76539342685177,149.71915991543926,149.6697970191727,150.26026862974288
2025-02-25 00:00:00,1740441600,149.91,150.097,149.91,150.077,2272,9,0,149.83463933199582,149.77027992751937,149.70681547197518,150.25844506128774
2025-02-25 00:30:00,1740443400,150.076,150.182,150.049,150.142,2542,9,0,149.9029417026634,149.8233827950166,149.7463777017956,150.2572864039615
2025-02-25 01:00:00,1740445200,150.139,150.296,150.071,150.168,2108,9,0,149.96184354651598,149.87261382429995,149.78470700163237,150.25639798203156
2025-02-25 01:30:00,1740447000,150.167,150.199,150.047,150.049,1908,9,0,149.9812116472902,149.89781184939994,149.8087336378476,150.2543343205188
2025-02-25 02:00:00,1740448800,150.047,150.09,149.961,149.977,1836,9,0,149.98027572567014,149.9091244423428,149.82403057986147,150.251574775041
2025-02-25 02:30:00,1740450600,149.977,149.984,149.807,149.828,1462,9,0,149.94643667552123,149.89753523629383,149.82439143623768,150.2473601006625
2025-02-25 03:00:00,1740452400,149.825,149.902,149.797,149.863,1049,9,0,149.92789519207207,149.892601631109,149.8279013056706,150.24353562204894
2025-02-25 03:30:00,1740454200,149.865,149.865,149.61,149.664,1781,9,0,149.86925181605605,149.85994425523626,149.81300118697328,150.23776909844648
2025-02-25 04:00:00,1740456000,149.664,149.71,149.51,149.511,1800,9,0,149.78964030137692,149.8100950759168,149.78554653361206,150.23053756512863
2025-02-25 04:30:00,1740457800,149.513,149.582,149.458,149.562,1615,9,0,149.7390535677376,149.7746529222144,149.7652241214655,150.22388545005273
2025-02-25 05:00:00,1740459600,149.561,149.623,149.504,149.62,1357,9,0,149.7125972193515,149.75255964761234,149.752021928605,150.21787663960447
2025-02-25 05:30:00,1740461400,149.618,149.768,149.593,149.709,1557,9,0,149.7117978372734,149.74633684081059,149.74811084418636,150.2128131904542
2025-02-25 06:00:00,1740463200,149.708,149.795,149.617,149.779,1772,9,0,149.72673165121265,149.75100300640906,149.75091894926032,150.20849664129548
2025-02-25 06:30:00,1740465000,149.776,149.865,149.701,149.759,1766,9,0,149.73390239538762,149.75214543406491,149.75165359023666,150.2040240378995
2025-02-25 07:00:00,1740466800,149.759,149.781,149.408,149.43,2491,9,0,149.6663685297459,149.70612465776992,149.7224123547606,150.19632230617913
2025-02-25 07:30:00,1740468600,149.432,149.461,149.188,149.28,3241,9,0,149.58050885646904,149.6452497066599,149.68219304978234,150.1872046712918
2025-02-25 08:00:00,1740470400,149.28,149.493,149.215,149.435,3479,9,0,149.5481735550315,149.61521403427994,149.6597209543476,150.17972004769686
2025-02-25 08:30:00,1740472200,149.436,149.607,149.395,149.453,2684,9,0,149.52702387613562,149.5920406008114,149.640928140316,150.17248900244616
2025-02-25 09:00:00,1740474000,149.455,149.687,149.435,149.683,2824,9,0,149.56168523699438,149.60503480069548,149.64475285483272,150.1676184651084
2025-02-25 09:30:00,1740475800,149.68,149.754,149.588,149.594,2009,9,0,149.56886629544007,149.60345840059614,149.64013895893882,150.16191081868942
2025-02-25 10:00:00,1740477600,149.592,149.828,149.589,149.76,2201,9,0,149.61134045200893,149.62582148622525,149.65103541721712,150.15791170606565
2025-02-25 10:30:00,1740479400,149.758,149.797,149.701,149.763,1730,9,0,149.64504257378474,149.6454184167645,149.66121401565192,150.15398223635356
2025-02-25 11:00:00,1740481200,149.763,149.842,149.655,149.817,1673,9,0,149.6832553351659,149.66993007151243,149.67537637786538,150.15062917927543
2025-02-25 11:30:00,1740483000,149.816,149.95,149.775,149.803,2238,9,0,149.70986526068458,149.68894006129636,149.68697852533214,150.1471701824667
2025-02-25 12:00:00,1740484800,149.805,149.805,149.478,149.538,2623,9,0,149.67167298053243,149.6673771953969,149.67343502302919,150.1411087876163
2025-02-25 12:30:00,1740486600,149.539,149.697,149.493,149.682,2102,9,0,149.67396787374744,149.66946616748305,149.67421365729925,150.13654054097336
2025-02-25 13:00:00,1740488400,149.68,149.816,149.622,149.73,2292,9,0,149.68641945735914,149.67811385784262,149.67928514299933,150.13249536146117
2025-02-25 13:30:00,1740490200,149.73,149.744,149.333,149.431,2802,9,0,149.629659577946,149.6428118781508,149.65671376636303,150.12551530811328
2025-02-25 14:00:00,1740492000,149.43,149.537,149.241,149.29,3184,9,0,149.55417967173577,149.59241018127213,149.6233761512391,150.11720172295793
2025-02-25 14:30:00,1740493800,149.293,149.486,149.107,149.179,3318,9,0,149.47080641135005,149.53335158394754,149.58297831930827,150.10786638243098
2025-02-25 15:00:00,1740495600,149.177,149.177,148.644,148.648,5858,9,0,149.28796054216116,149.40687278624074,149.49798029028025,150.09334034877497
2025-02-25 15:30:00,1740497400,148.651,149.111,148.555,149.063,6241,9,0,149.23796931056978,149.35774810249208,149.4584366275275,150.0830882060011
2025-02-25 16:00:00,1740499200,149.061,149.103,148.887,148.893,3989,9,0,149.1613094637765,149.2913555164218,149.4070332977523,150.07124653230954
2025-02-25 16:30:00,1740501000,148.892,149.132,148.773,149.089,3514,9,0,149.14524069404837,149.2624475855044,149.3781211797748,150.06147293497312
2025-02-25 17:00:00,1740502800,149.088,149.252,149.009,149.132,2618,9,0,149.14229831759317,149.24381221614664,149.355746527068,150.05222444805798
2025-02-25 17:30:00,1740504600,149.131,149.152,149.006,149.073,2466,9,0,149.12689869146135,149.21941047098284,149.33004229733453,150.04248092121165
2025-02-25 18:00:00,1740506400,149.071,149.245,149.049,149.128,2259,9,0,149.12714342669216,149.206351832271,149.31167481575866,150.0333816085628
2025-02-25 18:30:00,1740508200,149.126,149.239,149.046,149.164,2386,9,0,149.13533377631612,149.200301570518,149.29824983250788,150.02473104529352
2025-02-25 19:00:00,1740510000,149.163,149.171,148.995,149.05,2808,9,0,149.11637071491253,149.17882991758688,149.27568166591627,150.01503222892245
2025-02-25 19:30:00,1740511800,149.048,149.146,149.038,149.074,1890,9,0,149.10695500048752,149.16385421507448,149.25734696901478,150.00566872415706
2025-02-25 20:00:00,1740513600,149.072,149.092,149.024,149.04,1753,9,0,149.0920761114903,149.1461607557781,149.2375881536498,149.9960600801356
2025-02-25 20:30:00,1740515400,149.042,149.064,148.905,148.946,1887,9,0,149.05961475338134,149.11756636209554,149.21108013968163,149.9856117211293
2025-02-25 21:00:00,1740517200,148.942,149.03,148.928,148.998,772,9,0,149.04592258596324,149.10048545322476,149.1917092178924,149.9757847388295
2025-02-25 21:30:00,1740519000,148.998,149.025,148.975,149.014,752,9,0,149.03882867797142,149.08813038847836,149.17555383444764,149.96621474142822
2025-02-25 22:00:00,1740520800,148.995,149.05,148.88,149.015,520,38,0,149.0335334162,149.07768319012433,149.16095803131603,149.95674991813044
2025-02-25 22:30:00,1740522600,149.029,149.089,148.996,149.062,618,38,0,149.03985932371108,149.0754427343923,149.15196184665092,149.94784693387044
2025-02-25 23:00:00,1740524400,149.109,149.179,148.929,148.941,718,9,0,149.0178905851086,149.05623662947914,149.13278349695537,149.937828556419
2025-02-25 23:30:00,1740526200,148.94,149.095,148.838,149.046,1150,9,0,149.02413712175112,149.05477425383927,149.12489408814122,149.92895464043474
2025-02-26 00:00:00,1740528000,149.047,149.082,148.614,148.787,3294,9,0,148.97143998358422,149.01652078900509,149.09417644376472,149.9175919076941
2025-02-26 00:30:00,1740529800,148.787,148.91,148.683,148.904,2851,9,0,148.95645332056552,149.0004463905758,149.07688767614974,149.90750641607525
2025-02-26 01:00:00,1740531600,148.905,149.082,148.714,149.014,3096,9,0,148.96924147155096,149.00238262049356,149.0711706146816,149.89861580497004
2025-02-26 01:30:00,1740533400,149.012,149.232,149.001,149.219,2833,9,0,149.02474336676187,149.03332796042307,149.08460964971053,149.89185345865192
2025-02-26 02:00:00,1740535200,149.222,149.334,149.169,149.284,2367,9,0,149.0823559519259,149.0691382517912,149.10273604519136,149.88580516553102
2025-02-26 02:30:00,1740537000,149.285,149.471,149.242,149.457,2269,9,0,149.16561018483125,149.12454707296388,149.13494185926487,149.88153844746603
2025-02-26 03:00:00,1740538800,149.454,149.516,149.356,149.43,1535,9,0,149.22436347709098,149.1681832053976,149.16176532660444,149.87704552759075
2025-02-26 03:30:00,1740540600,149.431,149.462,149.307,149.391,1799,9,0,149.2613938155152,149.2000141760551,149.18260484236765,149.8722092536844
2025-02-26 04:00:00,1740542400,149.389,149.55,149.328,149.357,1638,9,0,149.2826396342896,149.22244072233295,149.19845894760695,149.86708279344873
2025-02-26 04:30:00,1740544200,149.357,149.465,149.279,149.435,1450,9,0,149.31649749333639,149.25280633342825,149.2199626796427,149.86278346217065
2025-02-26 05:00:00,1740546000,149.438,149.629,149.438,149.513,1949,9,0,149.36016471703942,149.28997685722422,149.24660243603878,149.85930302971124
2025-02-26 05:30:00,1740547800,149.513,149.598,149.403,149.431,1683,9,0,149.37590589103067,149.3101230204779,149.26336585094435,149.85504130802258
2025-02-26 06:00:00,1740549600,149.432,149.592,149.427,149.567,1633,9,0,149.4183712485794,149.34681973183822,149.29096895540397,149.8521752253557
2025-02-26 06:30:00,1740551400,149.571,149.628,149.473,149.568,1627,9,0,149.45162208222843,149.37841691300417,149.3161535958218,149.84934761117307
2025-02-26 07:00:00,1740553200,149.571,149.604,149.329,149.381,2674,9,0,149.43592828617767,149.37878592543217,149.32204872347432,149.84468743593754
2025-02-26 07:30:00,1740555000,149.383,149.536,149.329,149.524,2629,9,0,149.45549977813818,149.3995307932276,149.34040793043118,149.841496516177
2025-02-26 08:00:00,1740556800,149.527,149.545,149.339,149.419,3210,9,0,149.4473887163297,149.4023121084808,149.34755266402834,149.8372925707424
2025-02-26 08:30:00,1740558600,149.417,149.426,149.246,149.288,2803,9,0,149.41196900158977,149.38598180726925,149.3421387854803,149.8318269730236
2025-02-26 09:00:00,1740560400,149.287,149.378,149.249,149.352,2101,9,0,149.39864255679203,149.38112726337363,149.34303525952754,149.82705257528207
2025-02-26 09:30:00,1740562200,149.353,149.439,149.329,149.359,1978,9,0,149.38983309972713,149.37796622574882,149.3444865995705,149.822395335727
2025-02-26 10:00:00,1740564000,149.359,149.375,149.222,149.338,2058,9,0,149.3783146331211,149.37225676492758,149.34389690870046,149.81757548164018
2025-02-26 10:30:00,1740565800,149.336,149.524,149.311,149.512,1492,9,0,149.4080224924275,149.39222008422365,149.35917900790952,149.81453492958406
2025-02-26 11:00:00,1740567600,149.513,149.564,149.484,149.507,1360,9,0,149.43001749411027,149.40861721504885,149.37261727991776,149.81147488053347
2025-02-26 11:30:00,1740569400,149.506,149.59,149.471,149.54,1525,9,0,149.45445805097467,149.4273861843276,149.38783389083432,149.8087736379411
2025-02-26 12:00:00,1740571200,149.541,149.593,149.506,149.535,1554,9,0,149.47235626186918,149.44275958656652,149.4012126280312,149.80604952214068
2025-02-26 12:30:00,1740573000,149.535,149.645,149.442,149.608,1878,9,0,149.50249931478714,149.46636535991416,149.42001148002836,149.80407888012934
2025-02-26 13:00:00,1740574800,149.611,149.684,149.303,149.364,2610,9,0,149.4717216892789,149.4517417370693,149.4149195272985,149.7996999857997
2025-02-26 13:30:00,1740576600,149.367,149.579,149.362,149.534,2353,9,0,149.48556131388358,149.463492917488,149.42574502481682,149.79705620484648
2025-02-26 14:00:00,1740578400,149.534,149.713,149.502,149.518,2941,9,0,149.49276991079836,149.47127964356116,149.43413184074254,149.7942795261913
2025-02-26 14:30:00,1740580200,149.516,149.731,149.286,149.66,4077,9,0,149.52993215284317,149.498239694481,149.45466530976591,149.79294341150282
2025-02-26 15:00:00,1740582000,149.66,149.885,149.598,149.609,3965,9,0,149.54750278554468,149.51406259526942,149.4686957361508,149.7911131288013
2025-02-26 15:30:00,1740583800,149.609,149.675,149.398,149.483,3915,9,0,149.53316883320142,149.50962508165952,149.46999612377346,149.78804732652466
2025-02-26 16:00:00,1740585600,149.482,149.527,149.268,149.288,2937,9,0,149.47868687026778,149.47796435570817,149.45345102161224,149.78307173123588
2025-02-26 16:30:00,1740587400,149.289,149.336,149.118,149.132,2857,9,0,149.4016453435416,149.42854087632128,149.42422820146567,149.77659340555195
2025-02-26 17:00:00,1740589200,149.132,149.245,149.057,149.092,2878,9,0,149.33283526719902,149.3804636082754,149.39402563769605,149.76978153086984
2025-02-26 17:30:00,1740591000,149.096,149.157,149.007,149.146,3229,9,0,149.29131631893256,149.3469688070932,149.37147785245097,149.76357474946815
2025-02-26 18:00:00,1740592800,149.145,149.152,148.923,148.928,2755,9,0,149.21057935916977,149.2871161203656,149.33116168404635,149.75526057285654
2025-02-26 18:30:00,1740594600,148.926,149.034,148.824,148.922,2432,9,0,149.1464506126876,149.2349566745991,149.29396516731487,149.74696942287787
2025-02-26 19:00:00,1740596400,148.923,148.961,148.819,148.899,2539,9,0,149.0914615876459,149.18696286394209,149.2580592430135,149.73853191618258
2025-02-26 19:30:00,1740598200,148.9,148.965,148.807,148.833,2184,9,0,149.03402567928015,149.1363967405218,149.21941749364862,149.72952164835988
2025-02-26 20:00:00,1740600000,148.835,148.959,148.824,148.883,1781,9,0,149.0004644172179,149.10019720616157,149.1888340851351,149.72109854738116
2025-02-26 20:30:00,1740601800,148.881,149.05,148.869,149.027,1599,9,0,149.0063612133917,149.0897404624242,149.17412189557737,149.7141920941734
2025-02-26 21:00:00,1740603600,148.999,149.174,148.975,149.128,1060,9,0,149.0333920548602,149.09520611064931,149.1699289959794,149.70835933701744
2025-02-26 21:30:00,1740605400,149.131,149.136,148.889,148.905,762,9,0,149.0048604871135,149.068033809128,149.14584454179945,149.7003657117735
2025-02-26 22:00:00,1740607200,148.901,149.041,148.828,149.036,289,38,0,149.01178037886604,149.06345755068114,149.1358586743631,149.69375510767622
2025-02-26 22:30:00,1740609000,149.024,149.044,148.877,148.906,394,38,0,148.98827362800694,149.04096361486955,149.11496243123918,149.68591674839587
2025-02-26 23:00:00,1740610800,148.971,149.008,148.817,148.849,768,9,0,148.95732393289427,149.01354024131678,149.09078402839924,149.67758921856108
2025-02-26 23:30:00,1740612600,148.849,148.936,148.729,148.869,1202,9,0,148.9376963922511,148.9928916354144,149.0706218439993,149.66954355469483
2025-02-27 00:00:00,1740614400,148.877,149.071,148.78,148.876,3244,9,0,148.92398608286197,148.97619283035522,149.05292894909027,149.66164759892672
2025-02-27 00:30:00,1740616200,148.876,149.174,148.795,149.136,3220,9,0,148.9711002866704,148.99902242601877,149.06048086280936,149.6564172745593
2025-02-27 01:00:00,1740618000,149.136,149.221,149.067,149.178,2165,9,0,149.01707800074365,149.02459065087322,149.07116442073576,149.65165690366817
2025-02-27 01:30:00,1740619800,149.179,149.401,149.138,149.356,2206,9,0,149.0923940005784,149.07193484360562,149.09705856430523,149.64871504393017
2025-02-27 02:00:00,1740621600,149.359,149.379,149.243,149.245,1750,9,0,149.1263064448943,149.09665843737625,149.110507785732,149.64469797881645
2025-02-27 02:30:00,1740623400,149.248,149.304,149.164,149.259,1481,9,0,149.15579390158445,149.11985008917964,149.1240070779382,149.64086018798247
2025-02-27 03:00:00,1740625200,149.259,149.354,149.229,149.3,1186,9,0,149.18783970123235,149.14558579072542,149.14000643448924,149.63746854432097
2025-02-27 03:30:00,1740627000,149.3,149.306,149.184,149.22,1409,9,0,149.19498643429182,149.15621639205037,149.1472785768084,149.6333146284571
2025-02-27 04:00:00,1740628800,149.217,149.264,149.163,149.191,1221,9,0,149.19410056000476,149.1611854789003,149.151253251644,149.62891348787545
2025-02-27 04:30:00,1740630600,149.191,149.217,149.074,149.096,1471,9,0,149.17230043555924,149.15187326762884,149.14623022876728,149.62361086610554
2025-02-27 05:00:00,1740632400,149.096,149.303,149.094,149.265,1241,9,0,149.19290033876828,149.16803422939614,149.1570274806975,149.6200425987811
2025-02-27 05:30:00,1740634200,149.266,149.37,149.242,149.338,2028,9,0,149.2251447079309,149.19231505376814,149.17347952790684,149.6172362047634
2025-02-27 06:00:00,1740636000,149.34,149.417,149.278,149.411,1919,9,0,149.26644588394626,149.2235557603727,149.1950722980971,149.61518410322347
2025-02-27 06:30:00,1740637800,149.41,149.422,149.198,149.253,1590,9,0,149.26345790973596,149.22776208031945,149.20033845281554,149.61158028130086
2025-02-27 07:00:00,1740639600,149.252,149.328,149.205,149.273,1827,9,0,149.26557837423908,149.23422464027382,149.20694404801412,149.60821132327797
2025-02-27 07:30:00,1740641400,149.275,149.293,149.182,149.264,1842,9,0,149.26522762440817,149.23847826309185,149.2121309527401,149.60478633498667
2025-02-27 08:00:00,1740643200,149.267,149.531,149.153,149.53,2564,9,0,149.32406593009523,149.2801242255073,149.24102813885463,149.60404219235
2025-02-27 08:30:00,1740645000,149.531,149.726,149.527,149.711,2663,9,0,149.41005127896295,149.34167790757772,149.28375285350418,149.60510644914254
2025-02-27 09:00:00,1740646800,149.71,149.782,149.625,149.732,2106,9,0,149.4815954391934,149.3974382064952,149.3245025940947,149.60636907153915
2025-02-27 09:30:00,1740648600,149.732,149.965,149.698,149.839,2038,9,0,149.5610186749282,149.46051846271016,149.37127508554062,149.60868380714575
2025-02-27 10:00:00,1740650400,149.842,149.969,149.803,149.82,1858,9,0,149.6185700804997,149.51187296803727,149.41206825958238,149.6107864558309
2025-02-27 10:30:00,1740652200,149.818,149.938,149.794,149.847,1669,9,0,149.6693322848331,149.55974825831765,149.45160750871128,149.61313683935495
2025-02-27 11:00:00,1740654000,149.845,149.897,149.784,149.856,1266,9,0,149.71081399931464,149.60206993570085,149.4883704624648,149.6155533882171
2025-02-27 11:30:00,1740655800,149.856,149.858,149.677,149.792,1585,9,0,149.72885533280026,149.6292028020293,149.51597314769523,149.61730907589657
2025-02-27 12:00:00,1740657600,149.793,149.795,149.602,149.639,1877,9,0,149.70888748106688,149.63060240173942,149.52715740699568,149.61752490598715
2025-02-27 12:30:00,1740659400,149.639,149.715,149.555,149.651,2219,9,0,149.69602359638537,149.6335163443481,149.53841582454152,149.61785799149973
2025-02-27 13:00:00,1740661200,149.653,149.654,149.501,149.563,1914,9,0,149.66646279718861,149.6234425808698,149.54065074958316,149.61731214083807
2025-02-27 13:30:00,1740663000,149.559,149.877,149.355,149.725,9510,9,0,149.67947106448003,149.6379507836027,149.55740977234834,149.61838366182474
2025-02-27 14:00:00,1740664800,149.722,149.944,149.638,149.897,4976,9,0,149.72781082792892,149.67495781451657,149.58828161122577,149.62115596369713
2025-02-27 14:30:00,1740666600,149.899,150.136,149.669,149.731,5425,9,0,149.72851953283362,149.6829638410142,149.60125601020522,149.62224893918275
2025-02-27 15:00:00,1740668400,149.733,150.029,149.539,149.83,6312,9,0,149.75107074775948,149.70396900658363,149.6220509183684,149.62431611391727
2025-02-27 15:30:00,1740670200,149.827,150.099,149.748,149.941,7302,9,0,149.79327724825737,149.7378305770717,149.6510462894258,149.6274671973609
2025-02-27 16:00:00,1740672000,149.94,150.161,149.854,149.973,5253,9,0,149.8332156375335,149.7714262089186,149.6803148085689,149.6309053347006
2025-02-27 16:30:00,1740673800,149.972,150.006,149.762,149.809,2997,9,0,149.82783438474826,149.77679389335879,149.69201346233535,149.63267742092248
2025-02-27 17:00:00,1740675600,149.805,149.918,149.777,149.915,2614,9,0,149.84720452147087,149.796537622879,149.7122849657594,149.6354866008138
2025-02-27 17:30:00,1740677400,149.917,150.012,149.902,149.963,2413,9,0,149.8729368500329,149.8203179624677,149.73507724159947,149.63874544060673
2025-02-27 18:00:00,1740679200,149.963,150.067,149.911,150.061,2303,9,0,149.9147286611367,149.8547011106866,149.76470658327224,149.64294697851113
2025-02-27 18:30:00,1740681000,150.062,150.149,150.055,150.108,1595,9,0,149.95767784755077,149.89088666630278,149.79591507570203,149.6475743717598
2025-02-27 19:00:00,1740682800,150.109,150.118,149.96,150.002,2256,9,0,149.9675272147617,149.9067599996881,149.81465006882001,149.65110099492637
2025-02-27 19:30:00,1740684600,150.004,150.004,149.782,149.86,2730,9,0,149.94363227814802,149.90007999973267,149.81877278983637,149.65317959199177
2025-02-27 20:00:00,1740686400,149.861,149.861,149.626,149.726,2306,9,0,149.89526954967067,149.87521142834228,149.81033889985125,149.65390417316598
2025-02-27 20:30:00,1740688200,149.729,149.807,149.667,149.69,2307,9,0,149.8496540941883,149.84875265286482,149.79939899986476,149.65426333562206
2025-02-27 21:00:00,1740690000,149.686,149.751,149.671,149.748,921,9,0,149.8270642954798,149.83435941674128,149.7947263635134,149.65519603875023
2025-02-27 21:30:00,1740691800,149.749,149.817,149.747,149.791,654,9,0,149.8190500075954,149.82816521434967,149.79438760319402,149.65654732194676
2025-02-27 22:00:00,1740693600,149.747,149.799,149.607,149.77,402,38,0,149.80815000590752,149.81985589801403,149.7921705483582,149.65767620431546
2025-02-27 22:30:00,1740695400,149.77,149.782,149.651,149.752,487,38,0,149.79567222681698,149.81016219829775,149.78851868032564,149.65861474954616
2025-02-27 23:00:00,1740697200,149.773,149.79,149.532,149.549,782,9,0,149.74085617641322,149.77285331282667,149.76674425484148,149.65752405552084
2025-02-27 23:30:00,1740699000,149.553,150.094,149.551,150.081,1673,9,0,149.81644369276583,149.81687426813716,149.7953129589468,149.66173774651068
2025-02-28 00:00:00,1740700800,150.087,150.143,149.456,149.511,3666,9,0,149.74856731659565,149.77317794411758,149.76946632631527,149.66023786843596
2025-02-28 00:30:00,1740702600,149.51,149.643,149.352,149.364,3698,9,0,149.66310791290772,149.71472395210077,149.7326057511957,149.657290227954
2025-02-28 01:00:00,1740704400,149.366,149.48,149.269,149.431,2962,9,0,149.61152837670602,149.6741919589435,149.70518704654157,149.6550385838948
2025-02-28 01:30:00,1740706200,149.431,149.528,149.271,149.297,3859,9,0,149.54163318188245,149.62030739338016,149.6680791332196,149.65147601092073
2025-02-28 02:00:00,1740708000,149.3,149.377,149.096,149.337,3352,9,0,149.49615914146412,149.57983490861156,149.63798103019963,149.64834689638423
2025-02-28 02:30:00,1740709800,149.34,149.563,149.34,149.525,2022,9,0,149.50256822113874,149.5720013502385,149.6277100274542,149.6471195640819
2025-02-28 03:00:00,1740711600,149.524,149.627,149.455,149.576,2035,9,0,149.518886394219,149.57257258591872,149.62300911586746,149.64641190672785
2025-02-28 03:30:00,1740713400,149.578,149.617,149.495,149.6,1944,9,0,149.53691163994813,149.57649078793034,149.6209173780613,149.64595009671066
2025-02-28 04:00:00,1740715200,149.601,149.646,149.512,149.618,1504,9,0,149.55493127551523,149.58242067536887,149.62065216187392,149.64567198629564
2025-02-28 04:30:00,1740717000,149.618,149.695,149.56,149.604,1658,9,0,149.56583543651186,149.58550343603048,149.61913832897628,149.64525733966585
2025-02-28 05:00:00,1740718800,149.604,149.784,149.576,149.637,2417,9,0,149.58164978395368,149.59286008802613,149.62076211725116,149.6451751770821
2025-02-28 05:30:00,1740720600,149.635,149.879,149.616,149.827,1806,9,0,149.6361720541862,149.62630864687955,149.63951101568284,149.6469843793002
2025-02-28 06:00:00,1740722400,149.824,150.032,149.785,150.032,2095,9,0,149.7241338199226,149.6842645544682,149.67519183243894,149.65081538050117
2025-02-28 06:30:00,1740724200,150.034,150.115,149.914,150.038,2256,9,0,149.7938818599398,149.73479818954416,149.7081743931263,149.6546679637798
2025-02-28 07:00:00,1740726000,150.041,150.097,149.939,150.04,2617,9,0,149.8485747799532,149.77839844818072,149.73834035738753,149.65850211339392
2025-02-28 07:30:00,1740727800,150.041,150.566,149.933,150.433,4022,9,0,149.9784470510747,149.87191295558347,149.80149123398866,149.66620856002683
2025-02-28 08:00:00,1740729600,150.432,150.592,150.31,150.549,3415,9,0,150.10523659528033,149.96863967621442,149.8694465763533,149.67499255445443
2025-02-28 08:30:00,1740731400,150.547,150.683,150.528,150.562,2607,9,0,150.20673957410693,150.05340543675524,149.93240597850303,149.68381849918623
2025-02-28 09:00:00,1740733200,150.564,150.631,150.425,150.551,2266,9,0,150.28324189097205,150.12449037436164,149.98864179863912,149.69244717083615
2025-02-28 09:30:00,1740735000,150.549,150.571,150.183,150.247,2518,9,0,150.27518813742273,150.14199174945284,150.01212890785376,149.69796510943482
2025-02-28 10:00:00,1740736800,150.248,150.373,150.237,150.337,1909,9,0,150.28892410688434,150.16985007095957,150.04166264350343,149.70432366555985
2025-02-28 10:30:00,1740738600,150.337,150.394,150.279,150.372,1452,9,0,150.3073854164656,150.19872863225106,150.07169331227584,149.71096721117618
2025-02-28 11:00:00,1740740400,150.375,150.412,150.284,150.39,1373,9,0,150.32574421280657,150.22605311335806,150.1006302838871,149.71772375633864
2025-02-28 11:30:00,1740742200,150.39,150.486,150.377,150.387,1321,9,0,150.33935660996067,150.24904552573548,150.12666389444283,149.72438322144973
2025-02-28 12:00:00,1740744000,150.385,150.471,150.377,150.447,1790,9,0,150.36327736330276,150.27732473634472,150.15578535858438,149.73157343815174
2025-02-28 12:30:00,1740745800,150.447,150.712,150.388,150.657,1730,9,0,150.4285490603466,150.33156405972406,150.2013503259858,149.74078166264775
2025-02-28 13:00:00,1740747600,150.658,150.849,150.64,150.698,3036,9,0,150.48842704693624,150.38391205119206,150.24650029635072,149.75030622321842
2025-02-28 13:30:00,1740749400,150.701,150.983,150.591,150.646,5421,9,0,150.52344325872818,150.42135318673604,150.2828184512279,149.7592185991068
2025-02-28 14:00:00,1740751200,150.644,150.811,150.557,150.562,3717,9,0,150.53201142345526,150.4414455886309,150.30819859202538,149.76720647374253
2025-02-28 14:30:00,1740753000,150.563,150.727,150.278,150.682,7355,9,0,150.56534221824296,150.4758105045408,150.34218053820487,149.7763088968894
2025-02-28 15:00:00,1740754800,150.68,150.852,150.501,150.79,6924,9,0,150.61526616974453,150.52069471817782,150.38289139836806,149.78639537552732
2025-02-28 15:30:00,1740756600,150.789,150.86,150.604,150.681,5359,9,0,150.62987368757908,150.54359547272387,150.4099921803346,149.7952969140793
2025-02-28 16:00:00,1740758400,150.682,150.79,150.232,150.311,5238,9,0,150.55901286811707,150.51036754804903,150.40099289121326,149.80042828806856
2025-02-28 16:30:00,1740760200,150.309,150.655,150.26,150.636,4481,9,0,150.5761211196466,150.5283150411849,150.42235717383022,149.80874243445595
2025-02-28 17:00:00,1740762000,150.636,150.679,150.445,150.47,3553,9,0,150.55253864861402,150.51998432101564,150.42668833984567,149.81532211172507
2025-02-28 17:30:00,1740763800,150.471,150.567,150.333,150.361,2693,9,0,150.50997450447758,150.49727227515626,150.42071667258696,149.82075174245418
2025-02-28 18:00:00,1740765600,150.36,150.498,150.238,150.473,4180,9,0,150.501757947927,150.49380480727683,150.42546970235176,149.8272417748676
2025-02-28 18:30:00,1740767400,150.477,150.543,150.313,150.326,4143,9,0,150.46270062616543,150.46983269195158,150.41642700213797,149.83220454327687
2025-02-28 19:00:00,1740769200,150.324,150.509,150.301,150.497,3302,9,0,150.47032270923978,150.47371373595848,150.4237518201254,149.83881942344328
2025-02-28 19:30:00,1740771000,150.496,150.599,150.457,150.539,2364,9,0,150.4855843294087,150.48304034510727,150.43422892738673,149.8457863943543
2025-02-28 20:00:00,1740772800,150.541,150.621,150.47,150.574,2415,9,0,150.5052322562068,150.49603458152055,150.44693538853338,149.85303230087814
2025-02-28 20:30:00,1740774600,150.572,150.599,150.438,150.506,2650,9,0,150.5054028659386,150.4974582127319,150.4523048986667,149.8595294919142
2025-02-28 21:00:00,1740776400,150.506,150.578,150.47,150.563,918,9,0,150.51820222906338,150.50682132519879,150.46236808969698,149.86652919846233
2025-02-28 21:30:00,1740778200,150.563,150.617,150.557,150.617,593,9,0,150.54015728927152,150.52256113588467,150.47642553608816,149.8739965696219
2025-03-02 22:00:00,1740952800,150.663,150.699,150.544,150.676,361,38,0,150.5703445583223,150.54448097361546,150.49456866917103,149.8819767032575
2025-03-02 22:30:00,1740954600,150.68,150.701,150.611,150.69,387,38,0,150.5969346564729,150.56526940595612,150.51233515379184,149.89001673606091
2025-03-02 23:00:00,1740956400,150.706,150.977,150.698,150.946,1432,9,0,150.67450473281227,150.61965949081952,150.55175923071985,149.90052403221952
2025-03-02 23:30:00,1740958200,150.94,151.011,150.742,150.801,1473,9,0,150.70261479218732,150.64556527784532,150.57441748247257,149.90948399209793
2025-03-03 00:00:00,1740960000,150.807,150.946,150.536,150.587,3985,9,0,150.67692261614567,150.6371988095817,150.57556134770235,149.9162254449129
2025-03-03 00:30:00,1740961800,150.588,150.692,150.489,150.539,3176,9,0,150.6462731458911,150.62317040821287,150.57223758882031,149.92242220665506
2025-03-03 01:00:00,1740963600,150.542,150.716,150.429,150.664,3208,9,0,150.65021244680418,150.6290032070396,150.58057962620026,149.92980109017094
2025-03-03 01:30:00,1740965400,150.667,150.667,150.312,150.406,2732,9,0,150.59594301418102,150.59714560603396,150.56470875109113,149.93453938778117
2025-03-03 02:00:00,1740967200,150.409,150.441,150.263,150.337,2201,9,0,150.53840012214079,150.5599819480291,150.54400795553738,149.93854397098733
2025-03-03 02:30:00,1740969000,150.334,150.471,150.317,150.399,1999,9,0,150.50742231722063,150.5369845268821,150.5308254141249,149.9431256230173
2025-03-03 03:00:00,1740970800,150.397,150.465,150.239,150.272,2783,9,0,150.45510624672715,150.49912959447036,150.50729583102265,149.94639800487784
2025-03-03 03:30:00,1740972600,150.272,150.486,150.26,150.449,1879,9,0,150.45374930301,150.49196822383175,150.5019962100206,149.9513990197547
2025-03-03 04:00:00,1740974400,150.448,150.514,150.41,150.444,1453,9,0,150.45158279123,150.48511562042722,150.49672382729145,149.9563005220457
2025-03-03 04:30:00,1740976200,150.441,150.441,150.319,150.333,1264,9,0,150.42523105984557,150.46338481750905,150.48183984299223,149.96004877555768
2025-03-03 05:00:00,1740978000,150.333,150.51,150.329,150.498,1660,9,0,150.44140193543544,150.4683298435792,150.48330894817474,149.96540152405962
2025-03-03 05:30:00,1740979800,150.499,150.53,150.404,150.41,1486,9,0,150.4344237275609,150.45999700878218,150.47664449834068,149.96982538949186
2025-03-03 06:00:00,1740981600,150.41,150.421,150.262,150.36,2016,9,0,150.41788512143626,150.4457117218133,150.46604045303695,149.97370772392478
2025-03-03 06:30:00,1740983400,150.358,150.524,150.354,150.458,1869,9,0,150.42679953889487,150.44746719012568,150.46530950276085,149.97852655254243
2025-03-03 07:00:00,1740985200,150.461,150.521,150.337,150.343,2123,9,0,150.40817741914046,150.432543305822,150.45419045705532,149.9821531540097
2025-03-03 07:30:00,1740987000,150.344,150.439,150.146,150.169,2639,9,0,150.3550268815537,150.39489426213316,150.42826405186847,149.98401232660663
2025-03-03 08:00:00,1740988800,150.167,150.239,150.023,150.049,3211,9,0,150.2870209078751,150.34548079611415,150.3937855016986,149.984658970123
2025-03-03 08:30:00,1740990600,150.049,150.201,150.03,150.111,2552,9,0,150.24790515056952,150.3119835395264,150.3680777288169,149.9859160947984
2025-03-03 09:00:00,1740992400,150.113,150.13,149.941,150.124,2307,9,0,150.22037067266518,150.2851287481655,150.345888844379,149.98729006400438
2025-03-03 09:30:00,1740994200,150.126,150.367,150.126,150.344,2052,9,0,150.24784385651736,150.29353892699902,150.34571713125365,149.99083941660135
2025-03-03 10:00:00,1740996000,150.345,150.57,150.345,150.557,2712,9,0,150.31654522173574,150.33117622314202,150.36492466477605,149.99647285524213
2025-03-03 10:30:00,1740997800,150.558,150.894,150.558,150.835,2648,9,0,150.43175739468336,150.40315104840747,150.40765878616006,150.0048164089213
2025-03-03 11:00:00,1740999600,150.832,150.963,150.784,150.858,2397,9,0,150.5264779736426,150.46812947006353,150.44859889650914,150.01330579788726
2025-03-03 11:30:00,1741001400,150.857,151.234,150.841,151.203,2942,9,0,150.67681620172203,150.57311097434018,150.5171808150083,150.02514355114212
2025-03-03 12:00:00,1741003200,151.201,151.3,151.122,151.201,3218,9,0,150.79330149022826,150.6628094065773,150.57934619546208,150.03684361530986
2025-03-03 12:30:00,1741005000,151.199,151.3,151.108,151.236,2444,9,0,150.8916789368442,150.74469377706626,150.6390419958746,150.04877551963514
2025-03-03 13:00:00,1741006800,151.234,151.3,151.086,151.1,2952,9,0,150.93797250643436,150.79545180891395,150.68094726897692,150.0592354647134
2025-03-03 13:30:00,1741008600,151.101,151.102,150.936,150.964,3054,9,0,150.94375639389338,150.81953012192628,150.70667933543356,150.06823809690533
2025-03-03 14:00:00,1741010400,150.967,150.972,150.829,150.841,2675,9,0,150.92092163969485,150.8225972473654,150.7188903049396,150.07592727007045
2025-03-03 14:30:00,1741012200,150.843,150.876,150.583,150.613,4889,9,0,150.85249460865154,150.79265478345604,150.70926391358148,150.08127127733346
2025-03-03 15:00:00,1741014000,150.617,150.677,150.113,150.26,7177,9,0,150.7208291400623,150.71656124296234,150.66842173961953,150.08304967258388
2025-03-03 15:30:00,1741015800,150.257,150.318,150.075,150.234,5082,9,0,150.61264488671515,150.64762392253914,150.62892885419956,150.08455166589152
2025-03-03 16:00:00,1741017600,150.236,150.371,150.16,150.181,4761,9,0,150.51672380077844,150.58096336217642,150.58820804927234,150.08551135080805
2025-03-03 16:30:00,1741019400,150.184,150.258,150.043,150.17,4105,9,0,150.4396740672721,150.52225431043695,150.5501891357021,150.0863520338846
2025-03-03 17:00:00,1741021200,150.167,150.272,150.133,150.218,2869,9,0,150.39041316343386,150.47878940894597,150.51999012336555,150.0876619638957
2025-03-03 17:30:00,1741023000,150.218,150.338,150.122,150.178,2800,9,0,150.34321023822633,150.43581949338227,150.48890011215047,150.08856084982708
2025-03-03 18:00:00,1741024800,150.179,150.211,150.055,150.123,3174,9,0,150.2942746297316,150.39113099432768,150.45563646559134,150.08890352793824
2025-03-03 18:30:00,1741026600,150.122,150.249,150.067,150.176,4113,9,0,150.26799137868014,150.36039799513802,150.4302149687194,150.08977015950106
2025-03-03 19:00:00,1741028400,150.173,150.226,150.141,150.199,2025,9,0,150.25265996119566,150.33734113868974,150.40919542610854,150.09085702358564
2025-03-03 19:30:00,1741030200,150.197,150.302,150.134,150.245,3285,9,0,150.25095774759663,150.32414954744837,150.39426856918956,150.092390784545
2025-03-03 20:00:00,1741032000,150.248,150.256,149.323,149.434,9989,9,0,150.06941158146404,150.19698532638432,150.30697142653597,150.08583963245997
2025-03-03 20:30:00,1741033800,149.437,149.504,149.073,149.416,5403,9,0,149.92420900780536,150.08541599404373,150.2259740241236,150.07917456149022
2025-03-03 21:00:00,1741035600,149.391,149.615,149.391,149.543,1329,9,0,149.83949589495973,150.00792799489463,150.16388547647597,150.07383949122664
2025-03-03 21:30:00,1741037400,149.542,149.543,149.399,149.482,941,9,0,149.76005236274645,149.9327954241954,150.1018958877054,150.0679505410652
2025-03-03 22:00:00,1741039200,149.463,149.562,149.391,149.466,433,38,0,149.69470739324723,149.86611036359608,150.0440871706413,150.06196098344265
2025-03-03 22:30:00,1741041000,149.479,149.576,149.455,149.553,728,38,0,149.66321686141453,149.8213803116538,149.99944288240115,150.0568966950502
2025-03-03 23:00:00,1741042800,149.573,149.619,149.263,149.331,1423,9,0,149.5893908922113,149.75132598141755,149.9386753476374,150.04967384236315
2025-03-03 23:30:00,1741044600,149.333,149.361,149.136,149.298,1601,9,0,149.52463736060878,149.68656512692934,149.88043213421582,150.04219450064812
2025-03-04 00:00:00,1741046400,149.304,149.531,149.213,149.308,4229,9,0,149.47649572491792,149.63248439451087,149.82839284928713,150.03488908273124
2025-03-04 00:30:00,1741048200,149.308,149.354,148.976,149.154,5168,9,0,149.4048300082695,149.56412948100933,149.76708440844283,150.02612401723144
2025-03-04 01:00:00,1741050000,149.156,149.257,148.696,148.733,5259,9,0,149.25553445087627,149.445396698008,149.673076734948,150.01325711158734
2025-03-04 01:30:00,1741051800,148.736,149.02,148.594,148.932,4315,9,0,149.1836379062371,149.3720543125783,149.60570612268,150.0024983343576
2025-03-04 02:00:00,1741053600,148.93,149.234,148.832,149.145,3496,9,0,149.17505170485106,149.33961798221,149.56382374789092,149.9939660126227
2025-03-04 02:30:00,1741055400,149.148,149.42,149.13,149.291,2707,9,0,149.20081799266194,149.33267255618003,149.53902158899174,149.98697132592994
2025-03-04 03:00:00,1741057200,149.291,149.343,149.158,149.255,2536,9,0,149.21285843873704,149.32157647672574,149.51320144453794,149.97968802915452
2025-03-04 03:30:00,1741059000,149.258,149.28,149.025,149.162,2761,9,0,149.20155656346213,149.2987798371935,149.48127404048904,149.97155182985946
2025-03-04 04:00:00,1741060800,149.162,149.172,148.952,149.073,2365,9,0,149.17298843824832,149.2665255747373,149.4441582186264,149.962611015632
2025-03-04 04:30:00,1741062600,149.073,149.175,148.92,149.136,2153,9,0,149.16476878530426,149.24787906406056,149.41614383511492,149.95438603040185
2025-03-04 05:00:00,1741064400,149.139,149.39,149.091,149.36,3950,9,0,149.2081534996811,149.26389634062335,149.4110398501045,149.94847174154214
2025-03-04 05:30:00,1741066200,149.359,149.458,149.274,149.376,2412,9,0,149.24545272197417,149.27991114910571,149.4078544091859,149.9427755053079
2025-03-04 06:00:00,1741068000,149.378,149.431,149.272,149.365,2546,9,0,149.2720187837577,149.2920666992335,149.40395855380535,149.93702649530485
2025-03-04 06:30:00,1741069800,149.367,149.557,149.332,149.527,2436,9,0,149.32868127625596,149.325628599343,149.41514413982304,149.93294662967995
2025-03-04 07:00:00,1741071600,149.524,149.527,149.087,149.091,4315,9,0,149.27586321486575,149.29211022800828,149.38567649074824,149.92456905127517
2025-03-04 07:30:00,1741073400,149.093,149.575,149.058,149.348,4997,9,0,149.29189361156224,149.30009448114996,149.38225135522566,149.91883204578983
2025-03-04 08:00:00,1741075200,149.345,149.392,148.997,149.146,5628,9,0,149.25947280899285,149.2780809838428,149.36077395929607,149.91114217468746
2025-03-04 08:30:00,1741077000,149.145,149.453,149.074,149.087,5797,9,0,149.22114551810554,149.2507837004367,149.33588541754187,149.90294175503882
2025-03-04 09:00:00,1741078800,149.085,149.146,148.82,148.837,4804,9,0,149.13577984741542,149.19167174323147,149.29053219776534,149.89233536941654
2025-03-04 09:30:00,1741080600,148.834,149.071,148.792,149.044,3613,9,0,149.11538432576756,149.1705757799127,149.26812017978668,149.88389422146216
2025-03-04 10:00:00,1741082400,149.041,149.041,148.827,148.834,3511,9,0,149.05285447559697,149.12249352563947,149.22865470889698,149.8734475127909
2025-03-04 10:30:00,1741084200,148.833,148.893,148.757,148.793,2927,9,0,148.99510903657543,149.0754230219767,149.18904973536087,149.8626967912706
2025-03-04 11:00:00,1741086000,148.792,148.834,148.645,148.649,2748,9,0,148.91819591733645,149.0145054474086,149.13995430487353,149.85062020628283
2025-03-04 11:30:00,1741087800,148.647,148.665,148.287,148.361,4212,9,0,148.79437460237278,148.92114752635024,149.06914027715774,149.83579811467803
2025-03-04 12:00:00,1741089600,148.359,148.359,148.091,148.1,4628,9,0,148.64006913517883,148.80384073687165,148.98103661559796,149.81852649164642
2025-03-04 12:30:00,1741091400,148.099,148.308,148.097,148.224,4425,9,0,148.54760932736133,148.72100634589,148.91221510508905,149.80266055640618
2025-03-04 13:00:00,1741093200,148.222,148.498,148.192,148.422,4853,9,0,148.51969614350327,148.67829115362002,148.86765009553548,149.78892264042204
2025-03-04 13:30:00,1741095000,148.421,148.559,148.183,148.206,4535,9,0,148.44998588939143,148.61082098881718,148.80750008685044,149.773172166388
2025-03-04 14:00:00,1741096800,148.204,148.654,148.195,148.492,6634,9,0,148.45932235841556,148.5938465618433,148.77881826077314,149.7604241846329
2025-03-04 14:30:00,1741098600,148.494,148.706,148.358,148.427,9792,9,0,148.452139612101,148.57001133872282,148.746834782521,149.74715628229828
2025-03-04 15:00:00,1741100400,148.425,148.425,148.186,148.321,8428,9,0,148.42299747607856,148.53443829033387,148.70812252956455,149.7329656725242
2025-03-04 15:30:00,1741102200,148.32,148.609,148.28,148.348,8882,9,0,148.40633137028334,148.5078042488576,148.67538411778594,149.71918491956376
2025-03-04 16:00:00,1741104000,148.347,148.548,148.301,148.488,7157,9,0,148.42447995466483,148.5049750704494,148.6583491979872,149.7069343233492
2025-03-04 16:30:00,1741105800,148.485,148.857,148.468,148.809,4487,9,0,148.5099288536282,148.54840720324236,148.6720447254429,149.69799965346513
2025-03-04 17:00:00,1741107600,148.812,148.914,148.694,148.885,3788,9,0,148.59327799726637,148.59649188849346,148.69140429585718,149.68991010467445
2025-03-04 17:30:00,1741109400,148.883,148.883,148.685,148.741,4866,9,0,148.62610510898494,148.61713590442298,148.6959129962338,149.68046821308565
2025-03-04 18:00:00,1741111200,148.744,148.989,148.699,148.966,4820,9,0,148.7016373069883,148.66697363236256,148.72046636021253,149.67335907663704
2025-03-04 18:30:00,1741113000,148.964,149.132,148.887,149.091,4091,9,0,148.78816234987977,148.72754882773935,148.75415123655685,149.66756445895905
2025-03-04 19:00:00,1741114800,149.089,149.255,149.046,149.172,4315,9,0,148.87345960546205,148.79104185234803,148.79213748777897,149.66263346931765
2025-03-04 19:30:00,1741116600,149.175,149.368,149.069,149.315,3567,9,0,148.97157969313713,148.86589301629832,148.8396704434354,149.65917442982197
2025-03-04 20:00:00,1741118400,149.313,149.511,149.196,149.411,3139,9,0,149.06922865021778,148.94376544254143,148.89160949403217,149.6567050325103
2025-03-04 20:30:00,1741120200,149.412,149.418,149.006,149.102,4966,9,0,149.0765111723916,148.96637037932123,148.9107359036656,149.6511855794505
2025-03-04 21:00:00,1741122000,149.095,149.765,149.031,149.675,1914,9,0,149.20950868963791,149.06760318227535,148.9802144578778,149.65142253885898
2025-03-04 21:30:00,1741123800,149.686,149.862,149.644,149.786,1667,9,0,149.33761786971837,149.17023129909316,149.05346768897982,149.65276161807432
2025-03-04 22:00:00,1741125600,149.759,149.783,149.57,149.743,384,38,0,149.42770278755873,149.2520553992227,149.1161524445271,149.65365951242183
2025-03-04 22:30:00,1741127400,149.735,149.757,149.551,149.706,760,38,0,149.48954661254567,149.3169046279052,149.16977494957007,149.65418031329327
2025-03-04 23:00:00,1741129200,149.739,149.962,149.686,149.763,909,9,0,149.55031403197998,149.38063253820445,149.22370449960914,149.6552630962456
2025-03-04 23:30:00,1741131000,149.759,149.825,149.629,149.825,1368,9,0,149.61135535820665,149.44411360417524,149.2783677269174,149.65695202066107
2025-03-05 00:00:00,1741132800,149.82,149.853,149.571,149.716,3707,9,0,149.6346097230496,149.4829545178645,149.3181524790158,149.65753956274406
2025-03-05 00:30:00,1741134600,149.718,149.921,149.603,149.917,3968,9,0,149.69736311792747,149.54496101531242,149.37259316274162,149.66012125863716
2025-03-05 01:00:00,1741136400,149.919,150.182,149.782,150.126,4434,9,0,149.79261575838802,149.6279665845535,149.44108469340148,149.66475686800396
2025-03-05 01:30:00,1741138200,150.125,150.18,149.862,149.971,5280,9,0,149.83225670096846,149.6769713581887,149.48925881218315,149.66780406334723
2025-03-05 02:00:00,1741140000,149.969,150.001,149.781,149.86,3218,9,0,149.83842187853102,149.70311830701888,149.52296255653013,149.66971646072685
2025-03-05 02:30:00,1741141800,149.863,149.956,149.745,149.826,2726,9,0,149.8356614610797,149.72067283458762,149.5505114150274,149.67127152081915
2025-03-05 03:00:00,1741143600,149.823,150.068,149.708,150.012,2823,9,0,149.87484780306198,149.76229100107508,149.59246492275216,149.67466185394534
2025-03-05 03:30:00,1741145400,150.012,150.095,149.918,149.969,3097,9,0,149.89577051349266,149.79182085806434,149.62669538432013,149.677590591717
2025-03-05 04:00:00,1741147200,149.97,149.97,149.718,149.79,1995,9,0,149.87226595493874,149.79156073548373,149.64154125847284,149.67870909329196
2025-03-05 04:30:00,1741149000,149.79,149.831,149.704,149.827,1714,9,0,149.86220685384123,149.79662348755747,149.6584011440662,149.68018462470198
2025-03-05 05:00:00,1741150800,149.824,149.891,149.739,149.813,1815,9,0,149.85127199743206,149.798962989335,149.6724555855147,149.68150617072487
2025-03-05 05:30:00,1741152600,149.814,149.842,149.69,149.713,1753,9,0,149.8205448868916,149.78668256228713,149.676141441377,149.68181954216044
2025-03-05 06:00:00,1741154400,149.713,149.747,149.583,149.591,2185,9,0,149.7695349120268,149.75872791053183,149.66840131034274,149.68091586512404
2025-03-05 06:30:00,1741156200,149.592,149.732,149.563,149.683,1982,9,0,149.7503049315764,149.74790963759872,149.66972846394796,149.6809366027845
2025-03-05 07:00:00,1741158000,149.685,149.811,149.599,149.716,3489,9,0,149.74268161344833,149.74335111794178,149.6739349672254,149.68128549230903
2025-03-05 07:30:00,1741159800,149.714,149.725,149.411,149.443,3565,9,0,149.6760856993487,149.70044381537866,149.6529408792958,149.67891449238556
2025-03-05 08:00:00,1741161600,149.445,149.639,149.329,149.528,4507,9,0,149.6431777661601,149.67580898461028,149.64158261754164,149.6774128556454
2025-03-05 08:30:00,1741163400,149.527,149.57,149.198,149.222,3561,9,0,149.54958270701343,149.61097912966596,149.60343874321967,149.67288138444496
2025-03-05 09:00:00,1741165200,149.221,149.375,149.095,149.347,2976,9,0,149.50456432767712,149.57326782542796,149.5801261301997,149.66963878360474
2025-03-05 09:30:00,1741167000,149.345,149.448,149.28,149.369,2662,9,0,149.47443892152666,149.5440867075097,149.56093284563607,149.6666473529221
2025-03-05 10:00:00,1741168800,149.371,149.563,149.363,149.39,2895,9,0,149.45567471674295,149.5220743207226,149.5453934960328,149.66389464294278
2025-03-05 10:30:00,1741170600,149.388,149.495,149.31,149.34,2604,9,0,149.4299692241334,149.49606370347652,149.5267213600298,149.6606718106747
2025-03-05 11:00:00,1741172400,149.34,149.541,149.3,149.509,2218,9,0,149.44753161877043,149.49791174583703,149.5251103272998,149.65916263842917
2025-03-05 11:30:00,1741174200,149.509,149.537,149.281,149.391,3159,9,0,149.43496903682143,149.4826386392889,149.51291847936346,149.65649435346967
2025-03-05 12:00:00,1741176000,149.393,149.474,149.152,149.271,3626,9,0,149.39853147308332,149.45240454796192,149.4909258903304,149.65265858875853
2025-03-05 12:30:00,1741177800,149.274,149.509,149.268,149.506,3233,9,0,149.4224133679537,149.46006104111024,149.49229626393674,149.65119929931817
2025-03-05 13:00:00,1741179600,149.507,149.736,149.144,149.177,6498,9,0,149.367877063964,149.41962374952308,149.46363296721523,149.6464808983299
2025-03-05 13:30:00,1741181400,149.179,149.198,148.929,149.016,6155,9,0,149.28968216086088,149.36196321387695,149.42293906110476,149.6402074565555
2025-03-05 14:00:00,1741183200,149.018,149.026,148.687,148.725,4542,9,0,149.1641972362251,149.2709684690374,149.35949005554977,149.6311009146992
2025-03-05 14:30:00,1741185000,148.722,148.769,148.39,148.397,7660,9,0,148.99370896150842,149.1461158306035,149.27199095959068,149.61882130360766
2025-03-05 15:00:00,1741186800,148.393,149.103,148.393,148.464,10771,9,0,148.875995858951,149.04867071194587,149.19853723599152,149.6073305443678
2025-03-05 15:30:00,1741188600,148.467,149.099,148.421,148.91,6874,9,0,148.88355233473968,149.02886061023932,149.1723065781741,149.60039193198605
2025-03-05 16:00:00,1741190400,148.909,148.922,148.471,148.585,6084,9,0,148.8172073714642,148.96545195163372,149.11891507106736,149.59028852967774
2025-03-05 16:30:00,1741192200,148.585,148.979,148.471,148.822,8798,9,0,148.81827240002772,148.94495881568605,149.09192279187943,149.5826438676909
2025-03-05 17:00:00,1741194000,148.825,148.903,148.632,148.668,6803,9,0,148.7848785333549,148.90539327058806,149.053384356254,149.57354293368402
2025-03-05 17:30:00,1741195800,148.67,148.923,148.634,148.861,3376,9,0,148.8017944148316,148.89905137478976,149.03589486932182,149.5664529542444
2025-03-05 18:00:00,1741197600,148.861,149.016,148.763,148.966,5693,9,0,148.83828454486903,148.90861546410554,149.02954079029254,149.56047829798325
2025-03-05 18:30:00,1741199400,148.965,148.989,148.841,148.953,3708,9,0,148.86377686823147,148.91495611209047,149.02258253662959,149.55443373780432
2025-03-05 19:00:00,1741201200,148.953,149.14,148.918,148.975,2858,9,0,148.88849311973559,148.92353381036327,149.01825685148142,149.54866822797544
2025-03-05 19:30:00,1741203000,148.975,148.987,148.779,148.784,2483,9,0,148.86527242646102,148.9036004088828,148.996960774074,149.5410595888911
2025-03-05 20:00:00,1741204800,148.783,148.895,148.75,148.874,2426,9,0,148.86721188724746,148.8993717790424,148.98578252188545,149.53442218004642
2025-03-05 20:30:00,1741206600,148.873,148.887,148.735,148.876,2243,9,0,148.86916480119248,148.89603295346495,148.97580229262314,149.52787071556835
2025-03-05 21:00:00,1741208400,148.853,148.992,148.852,148.9,857,9,0,148.87601706759415,148.89659967439854,148.96891117511194,149.52162324576173
2025-03-05 21:30:00,1741210200,148.903,148.915,148.634,148.698,892,9,0,148.8364577192399,148.86822829234163,148.9442828864654,149.513427989585
2025-03-05 22:00:00,1741212000,148.695,148.832,148.559,148.797,459,38,0,148.82768933718657,148.85805282200712,148.93089353315034,149.50629935287273
2025-03-05 22:30:00,1741213800,148.787,148.848,148.639,148.815,534,38,0,148.82486948447846,148.85190241886326,148.9203577574094,149.49942075234662
2025-03-05 23:00:00,1741215600,148.823,148.846,148.719,148.796,854,9,0,148.81845404348323,148.84391635902566,148.9090525067358,149.49242154088049
2025-03-05 23:30:00,1741217400,148.796,148.936,148.778,148.883,894,9,0,148.83279758937584,148.8494997363077,148.90668409703255,149.4863576449513
2025-03-06 00:00:00,1741219200,148.881,149.251,148.856,149.152,2525,9,0,148.90373145840343,148.89271405969234,148.92898554275683,149.48303070321052
2025-03-06 00:30:00,1741221000,149.153,149.309,149.135,149.151,2540,9,0,148.95868002320265,148.92961205116487,148.9491686752335,149.47972691511887
2025-03-06 01:00:00,1741222800,149.149,149.332,149.06,149.105,2467,9,0,148.99119557360206,148.95466747242705,148.96333515930317,149.4759982890978
2025-03-06 01:30:00,1741224600,149.106,149.139,148.959,148.989,2089,9,0,148.99070766835717,148.9595721192232,148.96566832663925,149.47115253497742
2025-03-06 02:00:00,1741226400,148.988,149.125,148.942,149.058,2175,9,0,149.00566151983335,148.97363324504846,148.97406211512657,149.46704156448013
2025-03-06 02:30:00,1741228200,149.056,149.219,149.056,149.194,2036,9,0,149.04751451542592,149.00511421004154,148.99405646829686,149.46432473299276
2025-03-06 03:00:00,1741230000,149.194,149.28,149.177,149.192,1497,9,0,149.07962240088682,149.03181218003562,149.01205133481534,149.461615034157
2025-03-06 03:30:00,1741231800,149.193,149.243,149.109,149.232,1889,9,0,149.11348408957863,149.06041044003052,149.03204666801395,149.459330307449
2025-03-06 04:00:00,1741233600,149.23,149.279,149.154,149.265,1541,9,0,149.14715429189448,149.08963752002617,149.05322424364903,149.457396672549
2025-03-06 04:30:00,1741235400,149.266,149.306,149.156,149.187,1482,9,0,149.1560088936957,149.10354644573673,149.06538567604457,149.4547061583943
2025-03-06 05:00:00,1741237200,149.188,149.219,149.054,149.108,1886,9,0,149.14534025065223,149.10418266777435,149.06925970549506,149.45125634587296
2025-03-06 05:30:00,1741239000,149.104,149.129,148.927,148.932,2041,9,0,149.09793130606283,149.07958514380658,149.05678155045004,149.44608961606326
2025-03-06 06:00:00,1741240800,148.931,148.932,148.763,148.884,2601,9,0,149.05039101582665,149.0516444089771,149.04107413677275,149.44049668456015
2025-03-06 06:30:00,1741242600,148.882,148.963,148.745,148.778,2228,9,0,148.9898596789763,149.0125523505518,149.01715830615703,149.43390467774861
2025-03-06 07:00:00,1741244400,148.779,148.779,148.436,148.533,4558,9,0,148.88833530587044,148.94404487190155,148.9731439146882,149.42494045209938
2025-03-06 07:30:00,1741246200,148.531,148.577,148.263,148.368,4814,9,0,148.77270523789923,148.8617527473442,148.9181308315347,149.41442363168048
2025-03-06 08:00:00,1741248000,148.366,148.412,148.113,148.168,5039,9,0,148.63832629614384,148.76264521200935,148.849937119577,149.4020214064896
2025-03-06 08:30:00,1741249800,148.172,148.315,148.064,148.156,4346,9,0,148.53114267477855,148.67598161029375,148.78685192688818,149.38962318353947
2025-03-06 09:00:00,1741251600,148.153,148.153,147.781,147.824,6352,9,0,148.3739998581611,148.55426995168037,148.6993199335347,149.37404484340476
2025-03-06 09:30:00,1741253400,147.821,147.972,147.786,147.881,4355,9,0,148.2644443341253,148.45808853001176,148.62492721230427,149.3591886758087
2025-03-06 10:00:00,1741255200,147.881,148.013,147.696,147.96,3585,9,0,148.19679003765302,148.38693302572437,148.56447928391296,149.3452664004275
2025-03-06 10:30:00,1741257000,147.962,148.071,147.841,147.862,3014,9,0,148.1223922515079,148.31194259347805,148.50061753082997,149.3305075307715
2025-03-06 11:00:00,1741258800,147.861,147.952,147.759,147.884,3132,9,0,148.06941619561726,148.2508079372669,148.4445613916636,149.3161144210126
2025-03-06 11:30:00,1741260600,147.884,147.982,147.802,147.826,2603,9,0,148.01532370770232,148.19012108908592,148.388328537876,149.3012874118483
2025-03-06 12:00:00,1741262400,147.824,147.876,147.673,147.785,2623,9,0,147.96414066154625,148.13224664778795,148.33348048897818,149.2861999749145
2025-03-06 12:30:00,1741264200,147.786,147.804,147.558,147.606,4072,9,0,147.8845538478693,148.05706855524681,148.26734589907107,149.2694815672039
2025-03-06 13:00:00,1741266000,147.609,147.635,147.347,147.434,5388,9,0,147.78443077056502,147.96805876164012,148.1915871809737,149.2512180690228
2025-03-06 13:30:00,1741267800,147.434,147.679,147.353,147.418,5623,9,0,147.70300171043948,147.88947893854868,148.12126107361243,149.23297709321164
2025-03-06 14:00:00,1741269600,147.42,147.844,147.308,147.669,7132,9,0,147.69544577478626,147.85798194732743,148.08014643055677,149.21741513208516
2025-03-06 14:30:00,1741271400,147.673,147.711,147.388,147.567,9127,9,0,147.6669022692782,147.81641309770924,148.0334967550516,149.20099309096992
2025-03-06 15:00:00,1741273200,147.566,148.172,147.49,148.085,9618,9,0,147.7598128761053,147.85478265517935,148.03817886822873,149.18988868210454
2025-03-06 15:30:00,1741275000,148.083,148.312,148.018,148.233,6426,9,0,147.86496557030412,147.90881370443944,148.05588988020793,149.18036740168557
2025-03-06 16:00:00,1741276800,148.236,148.39,148.115,148.205,7066,9,0,147.94052877690322,147.9511260323767,148.06944534564357,149.1706622534101
2025-03-06 16:30:00,1741278600,148.207,148.333,147.899,147.906,7446,9,0,147.9328557153692,147.9446794563229,148.0545866778578,149.15807854939607
2025-03-06 17:00:00,1741280400,147.904,148.024,147.796,147.827,4934,9,0,147.90933222306492,147.92786810541963,148.03389697987072,149.14483398671553
2025-03-06 17:30:00,1741282200,147.825,147.94,147.645,147.912,5009,9,0,147.90992506238382,147.92560123321684,148.0228154362461,149.1325669818726
2025-03-06 18:00:00,1741284000,147.909,147.96,147.738,147.87,3992,9,0,147.90105282629852,147.91765819990016,148.0089231238601,149.1200041263316
2025-03-06 18:30:00,1741285800,147.872,147.946,147.747,147.797,3037,9,0,147.87792997600997,147.90042131420014,147.98965738532735,149.10683990616909
2025-03-06 19:00:00,1741287600,147.796,147.806,147.567,147.631,3704,9,0,147.82305664800774,147.86193255502872,147.9570521684794,149.09215493197834
2025-03-06 19:30:00,1741289400,147.63,147.852,147.566,147.687,4030,9,0,147.79282183733935,147.83694219002462,147.9325019713449,149.07817329086416
2025-03-06 20:00:00,1741291200,147.69,147.843,147.659,147.798,3371,9,0,147.79397254015282,147.8313790200211,147.92027451940444,149.065435248169
2025-03-06 20:30:00,1741293000,147.796,147.874,147.721,147.806,3159,9,0,147.79664530900774,147.82775344573238,147.9098859267313,149.05290355415738
2025-03-06 21:00:00,1741294800,147.804,148.049,147.8,147.95,1036,9,0,147.83072412922823,147.8452172391992,147.9135326606648,149.0419293894394
2025-03-06 21:30:00,1741296600,147.955,148.006,147.913,147.963,961,9,0,147.8601187671775,147.86204334788505,147.91802969151345,149.03119377362407
2025-03-06 22:00:00,1741298400,147.951,147.995,147.701,147.863,423,38,0,147.86075904113807,147.8621800124729,147.91302699228495,149.01956995498105
2025-03-06 22:30:00,1741300200,147.841,147.944,147.817,147.942,456,38,0,147.87881258755183,147.8735828678339,147.91566090207724,149.00884786587676
2025-03-06 23:00:00,1741302000,147.951,148.056,147.904,147.975,783,9,0,147.90018756809587,147.88807102957193,147.92105536552475,148.99856082243522
2025-03-06 23:30:00,1741303800,147.969,148.139,147.861,148.136,1230,9,0,147.95259033074123,147.9234894539188,147.94059578684067,148.98997812768465
2025-03-07 00:00:00,1741305600,148.14,148.163,147.654,147.714,3018,9,0,147.89957025724317,147.89356238907325,147.91999616985515,148.9772818279067
2025-03-07 00:30:00,1741307400,147.711,148.003,147.702,147.958,3084,9,0,147.91255464452246,147.9027677620628,147.92345106350467,148.96713972016633
2025-03-07 01:00:00,1741309200,147.961,148.119,147.809,148.015,3323,9,0,147.93532027907304,147.91880093891098,147.93177369409517,148.95766569309998
2025-03-07 01:30:00,1741311000,148.014,148.061,147.884,147.897,2703,9,0,147.92680466150125,147.91568651906655,147.92861244917742,148.94711180560645
2025-03-07 02:00:00,1741312800,147.895,148.031,147.719,147.766,2379,9,0,147.89107029227876,147.89430273062848,147.91382949925222,148.93535944933177
2025-03-07 02:30:00,1741314600,147.766,147.793,147.551,147.595,2338,9,0,147.82527689399458,147.85154519768156,147.8848449993202,148.92202253938817
2025-03-07 03:00:00,1741316400,147.596,147.614,147.459,147.469,2223,9,0,147.74610425088468,147.79689588372707,147.8470409084729,148.90756460367285
2025-03-07 03:30:00,1741318200,147.47,147.652,147.438,147.605,2042,9,0,147.71474775068808,147.7694821860518,147.8250371895208,148.89460376184527
2025-03-07 04:00:00,1741320000,147.605,147.687,147.493,147.521,1972,9,0,147.6716926949796,147.73398473090154,147.7973974450189,148.88093606272244
2025-03-07 04:30:00,1741321800,147.521,147.706,147.471,147.669,1535,9,0,147.67109431831747,147.7247011979156,147.7857249500172,148.86887699742172
2025-03-07 05:00:00,1741323600,147.672,147.751,147.615,147.707,1994,9,0,147.67907335869137,147.72217245535626,147.77856813637925,148.85731603227325
2025-03-07 05:30:00,1741325400,147.708,147.722,147.447,147.451,1764,9,0,147.62839039009327,147.6834335331625,147.74878921489022,148.84332283792227
2025-03-07 06:00:00,1741327200,147.452,147.642,147.418,147.563,2140,9,0,147.61385919229477,147.66622874271073,147.73189928626385,148.8305833071967
2025-03-07 06:30:00,1741329000,147.561,147.583,147.384,147.496,2529,9,0,147.5876682606737,147.64191035089493,147.7104538966035,148.8173038713042
2025-03-07 07:00:00,1741330800,147.488,147.72,147.488,147.688,3700,9,0,147.6099642027462,147.64849458648138,147.7084126332759,148.80606701686338
2025-03-07 07:30:00,1741332600,147.686,147.749,147.484,147.651,3293,9,0,147.6190832688026,147.64885250269833,147.7031933029781,148.79457381271547
2025-03-07 08:00:00,1741334400,147.652,147.752,147.514,147.57,5898,9,0,147.60817587573536,147.63758785945572,147.69108482088916,148.78238899865863
2025-03-07 08:30:00,1741336200,147.573,147.62,147.198,147.336,4757,9,0,147.54769234779417,147.59450387953348,147.6588043826265,148.76799706832375
2025-03-07 09:00:00,1741338000,147.333,147.58,147.285,147.344,3946,9,0,147.50242738161768,147.5587176110287,147.63018580238773,148.7538279432658
2025-03-07 09:30:00,1741339800,147.343,147.463,147.31,147.437,2706,9,0,147.48788796348043,147.54132938088176,147.61262345671614,148.74072517766118
2025-03-07 10:00:00,1741341600,147.437,147.495,147.374,147.413,2600,9,0,147.4712461938181,147.5229966121844,147.59447586974193,148.72751398186355
2025-03-07 10:30:00,1741343400,147.412,147.557,147.412,147.553,2158,9,0,147.48941370630297,147.52728281044378,147.59070533612902,148.71582727557634
2025-03-07 11:00:00,1741345200,147.556,147.675,147.492,147.616,2235,9,0,147.5175439937912,147.5399566946661,147.59300485102636,148.7048837205955
2025-03-07 11:30:00,1741347000,147.616,147.745,147.611,147.691,1964,9,0,147.55608977294872,147.5615343097138,147.60191350093305,148.6947953253657
2025-03-07 12:00:00,1741348800,147.689,147.85,147.633,147.789,2879,9,0,147.60784760118236,147.59402940832612,147.61892136448458,148.68578243655608
2025-03-07 12:30:00,1741350600,147.789,147.806,147.627,147.742,2950,9,0,147.63765924536403,147.61516806427954,147.6301103313496,148.6763915665406
2025-03-07 13:00:00,1741352400,147.74,147.799,147.574,147.623,3899,9,0,147.63440163528313,147.61628691223962,147.62946393759054,148.66591005841582
2025-03-07 13:30:00,1741354200,147.623,147.961,147.113,147.225,12962,9,0,147.5434234941091,147.56038878191967,147.59269448871865,148.65157264489923
2025-03-07 14:00:00,1741356000,147.226,147.366,147.01,147.015,7372,9,0,147.42599605097374,147.48247609878828,147.54017680792606,148.63528833997486
2025-03-07 14:30:00,1741357800,147.016,147.674,146.935,147.511,9828,9,0,147.44488581742402,147.48655094181854,147.53752437084188,148.6241013913184
2025-03-07 15:00:00,1741359600,147.513,147.712,147.399,147.592,8208,9,0,147.47757785799647,147.50161509298732,147.54247670076535,148.61383172573315
2025-03-07 15:30:00,1741361400,147.589,147.726,147.19,147.514,13356,9,0,147.4856716673306,147.5033843654177,147.53988790978667,148.60288812647212
2025-03-07 16:00:00,1741363200,147.514,147.594,147.257,147.303,6994,9,0,147.44507796347935,147.47475802750088,147.51835264526062,148.58995391625848
2025-03-07 16:30:00,1741365000,147.302,147.409,147.021,147.131,5996,9,0,147.37528286048394,147.42564973785792,147.48313876841874,148.57543696186784
2025-03-07 17:00:00,1741366800,147.133,147.254,146.956,147.22,6119,9,0,147.34077555815418,147.39627120387823,147.45921706219883,148.56195002692388
2025-03-07 17:30:00,1741368600,147.225,147.705,147.216,147.486,4938,9,0,147.37304765634212,147.4090896033242,147.46165187472621,148.55124405650673
2025-03-07 18:00:00,1741370400,147.488,147.966,147.48,147.86,5557,9,0,147.4812592882661,147.4735053742779,147.49786534066018,148.54436600619323
2025-03-07 18:30:00,1741372200,147.862,148.025,147.795,147.975,4780,9,0,147.5909794464292,147.54514746366678,147.54124121878198,148.53870067279829
2025-03-07 19:00:00,1741374000,147.972,148.174,147.857,148.142,4251,9,0,147.71342845833382,147.63041211171438,147.59585565343818,148.53475340242218
2025-03-07 19:30:00,1741375800,148.143,148.201,148.003,148.032,3405,9,0,147.78422213425964,147.68778181004092,147.63550513948925,148.52975088100507
2025-03-07 20:00:00,1741377600,148.03,148.114,147.955,148.005,3403,9,0,147.83328388220195,147.7330986943208,147.66909558135387,148.52452947920403
2025-03-07 20:30:00,1741379400,148.003,148.067,147.884,147.951,3229,9,0,147.8594430194904,147.76422745227498,147.69472325577624,148.51882271821694
2025-03-07 21:00:00,1741381200,147.951,147.954,147.828,147.934,932,9,0,147.87601123738145,147.78848067337856,147.7164756870693,148.51300358669238
2025-03-07 21:30:00,1741383000,147.943,148.044,147.934,148.04,756,9,0,147.91245318463,147.82441200575306,147.74588698824482,148.50829708334223
2025-03-09 21:00:00,1741554000,147.886,147.927,147.792,147.926,125,38,0,147.91546358804555,147.83892457635977,147.76226089840438,148.50250308251296
2025-03-09 21:30:00,1741555800,147.926,147.931,147.519,147.519,440,38,0,147.8273605684799,147.79322106545123,147.7401462712767,148.49271698218945
2025-03-09 22:00:00,1741557600,147.596,147.836,147.501,147.664,1885,9,0,147.7910582199288,147.77476091324394,147.73322388297882,148.48447104206815
2025-03-09 22:30:00,1741559400,147.666,147.668,147.475,147.481,1480,9,0,147.72215639327794,147.73279506849482,147.71029443907165,148.47448625557993
2025-03-09 23:00:00,1741561200,147.481,147.565,147.382,147.502,2831,9,0,147.6732327503273,147.69982434442414,147.69135858097422,148.46480977542492
2025-03-09 23:30:00,1741563000,147.502,147.644,147.477,147.588,2398,9,0,147.65429213914342,147.68384943807786,147.6819623463402,148.4560853000476
2025-03-10 00:00:00,1741564800,147.585,147.646,147.295,147.336,4138,9,0,147.5835605526671,147.6341566612096,147.65051122394564,148.44494017268394
2025-03-10 00:30:00,1741566600,147.335,147.383,147.227,147.292,3572,9,0,147.51876931874108,147.58527713817966,147.61791929449603,148.4334681311647
2025-03-10 01:00:00,1741568400,147.292,147.411,147.087,147.14,3466,9,0,147.43459835902084,147.52166611843973,147.57447208590548,148.42059780150137
2025-03-10 01:30:00,1741570200,147.137,147.443,147.113,147.411,2899,9,0,147.42935427923842,147.50585667294834,147.5596109871868,148.41055205223273
2025-03-10 02:00:00,1741572000,147.408,147.524,147.327,147.524,2120,9,0,147.4503866616299,147.50844857681287,147.55637362471526,148.40173063877768
2025-03-10 02:30:00,1741573800,147.521,147.628,147.512,147.599,1731,9,0,147.48341184793435,147.52138449441105,147.56024874974116,148.3937432692376
2025-03-10 03:00:00,1741575600,147.598,147.643,147.544,147.632,1801,9,0,147.51643143728228,147.5371867094952,147.56677159067377,148.38616373422033
2025-03-10 03:30:00,1741577400,147.629,147.753,147.59,147.64,1694,9,0,147.54389111788623,147.55187432242445,147.5734287187943,148.378739219452
2025-03-10 04:00:00,1741579200,147.639,147.665,147.564,147.611,1096,9,0,147.5588042028004,147.5603208477924,147.57684428981298,148.37110002323857
2025-03-10 04:30:00,1741581000,147.612,147.64,147.534,147.632,1182,9,0,147.5750699355114,147.57056072667922,147.58185844528452,148.36374579415164
2025-03-10 05:00:00,1741582800,147.633,147.788,147.633,147.777,1473,9,0,147.61994328317553,147.60005205143935,147.59959858662228,148.35790752754318
2025-03-10 05:30:00,1741584600,147.78,147.789,147.517,147.518,1702,9,0,147.59728922024763,147.58833032980516,147.59218053329298,148.3495502387119
2025-03-10 06:00:00,1741586400,147.52,147.695,147.499,147.585,1967,9,0,147.59455828241482,147.58785456840442,147.59152775753904,148.34194277365012
2025-03-10 06:30:00,1741588200,147.583,147.754,147.536,147.696,2245,9,0,147.61710088632265,147.60330391577523,147.60102523412638,148.33551548237003
2025-03-10 07:00:00,1741590000,147.698,147.787,147.537,147.584,2997,9,0,147.6097451338065,147.60054621352162,147.59947748556945,148.3280377163763
2025-03-10 07:30:00,1741591800,147.584,147.72,147.492,147.563,2850,9,0,147.59935732629395,147.59518246873284,147.5961613505177,148.32042540079044
2025-03-10 08:00:00,1741593600,147.566,147.636,147.305,147.389,4158,9,0,147.5526112537842,147.56572783034244,147.57732850047063,148.31115748635472
2025-03-10 08:30:00,1741595400,147.391,147.406,147.135,147.184,3360,9,0,147.47069764183215,147.51119528315067,147.5415713640642,148.29994198897805
2025-03-10 09:00:00,1741597200,147.182,147.31,147.145,147.233,3204,9,0,147.41787594364723,147.47145309984344,147.51351942187654,148.28932565077926
2025-03-10 09:30:00,1741599000,147.236,147.356,147.193,147.23,2538,9,0,147.37612573394784,147.4369597998658,147.48774492897866,148.27878509704016
2025-03-10 10:00:00,1741600800,147.232,147.282,146.968,146.98,2908,9,0,147.28809779307053,147.37167982845642,147.4415862990715,148.26586186224375
2025-03-10 10:30:00,1741602600,146.983,147.082,146.908,146.917,2935,9,0,147.20563161683265,147.30672556724838,147.39389663551955,148.25244035117666
2025-03-10 11:00:00,1741604400,146.919,147.083,146.855,147.016,4802,9,0,147.16349125753652,147.26519334335575,147.35954239592684,148.24013746211025
2025-03-10 11:30:00,1741606200,147.018,147.134,146.918,147.122,2998,9,0,147.15427097808396,147.2447371514478,147.33794763266076,148.22901171621862
2025-03-10 12:00:00,1741608000,147.123,147.146,146.79,146.794,3079,9,0,147.07421076073197,147.1803461298124,147.2884978478734,148.21473299267416
2025-03-10 12:30:00,1741609800,146.796,147.023,146.716,147.014,3094,9,0,147.06083059168043,147.15658239698206,147.26354349806672,148.20278540070726
2025-03-10 13:00:00,1741611600,147.013,147.034,146.853,146.895,3835,9,0,147.02397934908478,147.1192134831275,147.23003954369702,148.18977261065046
2025-03-10 13:30:00,1741613400,146.892,147.171,146.764,147.063,9436,9,0,147.03265060484372,147.11118298553788,147.21485413063365,148.17856094288283
2025-03-10 14:00:00,1741615200,147.062,147.062,146.741,146.837,7201,9,0,146.98917269265624,147.0720139876039,147.1805037551215,148.16521207777953
2025-03-10 14:30:00,1741617000,146.839,146.894,146.626,146.763,6826,9,0,146.93891209428818,147.0278691322319,147.14254886829224,148.15125971879667
2025-03-10 15:00:00,1741618800,146.764,147.112,146.747,147.091,5421,9,0,146.97270940666857,147.03688782762734,147.1378626075384,148.14070987084844
2025-03-10 15:30:00,1741620600,147.089,147.302,147.086,147.148,4189,9,0,147.01166287185333,147.05276099510917,147.13878418867125,148.13083216069074
2025-03-10 16:00:00,1741622400,147.146,147.226,147.046,147.186,3456,9,0,147.05040445588594,147.071795138665,147.14307653515567,148.121430845659
2025-03-10 16:30:00,1741624200,147.188,147.302,147.156,147.257,3649,9,0,147.09631457680018,147.0982529759986,147.15343321377787,148.11282954371217
2025-03-10 17:00:00,1741626000,147.255,147.315,147.074,147.197,3817,9,0,147.11868911528902,147.1123596937131,147.15739383070715,148.10371681193394
2025-03-10 17:30:00,1741627800,147.196,147.214,147.031,147.185,2998,9,0,147.13342486744702,147.12273688032553,147.15990348246103,148.0945753511187
2025-03-10 18:00:00,1741629600,147.184,147.37,147.169,147.332,3786,9,0,147.177552674681,147.1526316117076,147.1755486204191,148.08698753667971
2025-03-10 18:30:00,1741631400,147.333,147.386,147.231,147.234,2635,9,0,147.19009652475188,147.16425566717794,147.1808623821992,148.0785000985038
2025-03-10 19:00:00,1741633200,147.232,147.375,147.082,147.306,3219,9,0,147.21585285258482,147.1845048575811,147.19223852927198,148.0708135303595
2025-03-10 19:30:00,1741635000,147.31,147.463,147.263,147.295,3712,9,0,147.23344110756597,147.20028987792665,147.20158048115633,148.06309399274397
2025-03-10 20:00:00,1741636800,147.296,147.355,147.219,147.328,1060,9,0,147.25445419477353,147.21853418108,147.21307316468756,148.055779624657
2025-03-10 20:30:00,1741638600,147.328,147.345,147.245,147.245,812,9,0,147.25235326260164,147.2223150123543,147.2159756042614,148.0477121657052
2025-03-10 21:00:00,1741640400,147.243,147.266,147.038,147.148,290,38,0,147.22916364869016,147.211698582018,147.20979600387398,148.03875980584746
2025-03-10 21:30:00,1741642200,147.15,147.201,147.062,147.149,272,38,0,147.2113495045368,147.20274164172972,147.20426909443088,148.02990647444602
2025-03-10 22:00:00,1741644000,147.161,147.175,146.961,147.059,1214,9,0,147.17749405908415,147.18220712148263,147.19106281311898,148.02024571350626
2025-03-10 22:30:00,1741645800,147.058,147.105,146.946,146.983,1049,9,0,147.13427315706545,147.15374896127085,147.17214801192634,148.00992486063555
2025-03-10 23:00:00,1741647600,146.984,147.007,146.803,146.826,2011,9,0,147.06576801105092,147.1069276810893,147.14068001084212,147.99814451376358
2025-03-10 23:30:00,1741649400,146.825,147.09,146.775,147.074,2940,9,0,147.0675973419285,147.102223726648,147.13461819167463,147.98894904596494
2025-03-11 00:00:00,1741651200,147.076,147.099,146.731,146.772,4478,9,0,147.00190904372215,147.05504890855542,147.1016529015224,147.97684010023397
2025-03-11 00:30:00,1741653000,146.772,146.792,146.538,146.747,4349,9,0,146.94526258956168,147.01104192161895,147.06941172865675,147.96460288530628
2025-03-11 01:00:00,1741654800,146.746,146.877,146.592,146.834,4019,9,0,146.92053756965907,146.98575021853054,147.0480106624152,147.953353105353
2025-03-11 01:30:00,1741656600,146.835,146.923,146.757,146.803,3132,9,0,146.89441810973483,146.95964304445477,147.02573696583198,147.94190680579726
2025-03-11 02:00:00,1741658400,146.805,147.191,146.759,147.084,4051,9,0,146.93654741868266,146.9774083238184,147.0310336053018,147.93337041966996
2025-03-11 02:30:00,1741660200,147.082,147.163,146.897,146.917,2572,9,0,146.9322035478643,146.9687785632729,147.0206669139107,147.9232572811658
2025-03-11 03:00:00,1741662000,146.917,147.14,146.91,147.127,3349,9,0,146.9754916483389,146.9913816256625,147.03033355810064,147.91533432314426
2025-03-11 03:30:00,1741663800,147.127,147.152,147.062,147.113,1810,9,0,147.00604905981913,147.0087556791393,147.03784868918237,147.90735089704333
2025-03-11 04:00:00,1741665600,147.11,147.222,147.066,147.107,2012,9,0,147.02848260208154,147.02279058211943,147.04413517198398,147.8993872065255
2025-03-11 04:30:00,1741667400,147.107,147.109,146.92,146.971,2123,9,0,147.01570869050786,147.01539192753094,147.03748651998544,147.8901495228785
2025-03-11 05:00:00,1741669200,146.97,147.116,146.915,147.035,1731,9,0,147.01999564817277,147.01819308074082,147.03726047271402,147.8816405724021
2025-03-11 05:30:00,1741671000,147.034,147.285,147.015,147.221,1642,9,0,147.06466328191215,147.04716549777785,147.05396406610365,147.87506703436824
2025-03-11 06:00:00,1741672800,147.22,147.399,147.187,147.323,3264,9,0,147.12207144148724,147.08657042666675,147.07842187827603,147.8695738300462
2025-03-11 06:30:00,1741674600,147.325,147.355,147.203,147.232,2558,9,0,147.14650001004563,147.10734608000007,147.0923835257055,147.8632298118368
2025-03-11 07:00:00,1741676400,147.234,147.283,147.051,147.115,3248,9,0,147.13950000781327,147.10843949714294,147.09443956882316,147.85578473908222
2025-03-11 07:30:00,1741678200,147.114,147.138,146.755,146.937,3476,9,0,147.094500006077,147.08394814040824,147.0801268807483,147.84664260237494
2025-03-11 08:00:00,1741680000,146.935,147.17,146.873,147.162,4584,9,0,147.10950000472656,147.0950984060642,147.08756989158937,147.83983023817223
2025-03-11 08:30:00,1741681800,147.162,147.297,147.129,147.285,3237,9,0,147.14850000367622,147.1222272051979,147.10551808326304,147.83430953928493
2025-03-11 09:00:00,1741683600,147.285,147.478,147.212,147.466,3307,9,0,147.21905555841485,147.17133760445535,147.13828916660276,147.8306447677498
2025-03-11 09:30:00,1741685400,147.468,147.514,147.315,147.367,3088,9,0,147.25193210098934,147.19928937524745,147.15908106054795,147.82603138697618
2025-03-11 10:00:00,1741687200,147.367,147.617,147.365,147.591,2825,9,0,147.3272805229917,147.2552480359264,147.19834641867993,147.82369276621026
2025-03-11 10:30:00,1741689000,147.592,147.64,147.456,147.557,2186,9,0,147.37832929566022,147.2983554593655,147.23095128970903,147.821039106845
2025-03-11 11:00:00,1741690800,147.555,147.63,147.471,147.613,2527,9,0,147.43047834106906,147.34330467945614,147.26568299064456,147.8189690659809
2025-03-11 11:30:00,1741692600,147.614,147.725,147.586,147.602,2353,9,0,147.46859426527593,147.38026115381956,147.29625726422233,147.81681016980198
2025-03-11 12:00:00,1741694400,147.601,147.647,147.408,147.415,2896,9,0,147.45668442854793,147.38522384613105,147.30705205838393,147.8128120586597
2025-03-11 12:30:00,1741696200,147.413,147.934,147.327,147.767,4515,9,0,147.52564344442615,147.43976329668376,147.34886550762172,147.81235621728
2025-03-11 13:00:00,1741698000,147.768,148.11,147.768,147.837,6412,9,0,147.59483379010925,147.49651139715752,147.39324137056522,147.81260142904839
2025-03-11 13:30:00,1741699800,147.839,148.004,147.627,147.781,8635,9,0,147.63620405897387,147.53715262613503,147.4284921550593,147.8122869869683
2025-03-11 14:00:00,1741701600,147.778,148.117,147.403,147.484,12988,9,0,147.60238093475746,147.52955939383003,147.43353832278117,147.80902044978455
2025-03-11 14:30:00,1741703400,147.482,147.569,147.264,147.353,10390,9,0,147.54696294925583,147.50433662328288,147.42621665707378,147.80448293287128
2025-03-11 15:00:00,1741705200,147.351,147.717,147.286,147.576,8736,9,0,147.55341562719897,147.5145742485282,147.43983332461252,147.80220947085266
2025-03-11 15:30:00,1741707000,147.574,147.74,147.473,147.494,6095,9,0,147.5402121544881,147.51163507016702,147.44475756782956,147.79914270994865
2025-03-11 16:00:00,1741708800,147.491,147.52,147.32,147.447,5310,9,0,147.51949834237965,147.50240148871458,147.4449614252996,147.79563880238697
2025-03-11 16:30:00,1741710600,147.444,147.515,147.245,147.29,4325,9,0,147.4684987107397,147.4720584188982,147.4308740229996,147.79060757052244
2025-03-11 17:00:00,1741712400,147.291,147.291,147.018,147.053,3610,9,0,147.37616566390867,147.4121929304842,147.39652183909052,147.78326819171127
2025-03-11 17:30:00,1741714200,147.05,147.213,147.035,147.187,4624,9,0,147.33412884970676,147.3800225118436,147.3774743991732,147.77733517487835
2025-03-11 18:00:00,1741716000,147.185,147.799,147.151,147.689,5840,9,0,147.41298910532748,147.4241621530088,147.40579490833926,147.7764562179144
2025-03-11 18:30:00,1741717800,147.686,147.912,147.593,147.822,4909,9,0,147.5038804152547,147.48099613115042,147.44363173485388,147.77690938987547
2025-03-11 19:00:00,1741719600,147.824,147.856,147.644,147.713,5535,9,0,147.550351434087,147.5141395409861,147.46811975895807,147.77627347554835
2025-03-11 19:30:00,1741721400,147.714,147.811,147.609,147.753,4380,9,0,147.59538444873434,147.54826246370237,147.49401796268913,147.77604189867722
2025-03-11 20:00:00,1741723200,147.75,147.863,147.736,147.804,1394,9,0,147.6417434601267,147.58479639745917,147.5221981478992,147.77632008874014
2025-03-11 20:30:00,1741725000,147.804,147.85,147.756,147.781,957,9,0,147.67268935787632,147.61282548353645,147.54572558899926,147.77636665502132
2025-03-11 21:00:00,1741726800,147.773,147.815,147.693,147.72,336,9,0,147.6832028339038,147.62813612874555,147.56156871727205,147.7758057927823
2025-03-11 21:30:00,1741728600,147.72,147.737,147.697,147.724,276,9,0,147.69226887081408,147.6418309674962,147.57633519752005,147.7752903122571
2025-03-11 22:00:00,1741730400,147.708,147.807,147.678,147.771,637,38,0,147.70976467729983,147.66028368642532,147.5940319977455,147.77524762258292
2025-03-11 22:30:00,1741732200,147.77,147.893,147.7,147.861,726,38,0,147.74337252678876,147.6889574455074,147.61830181613226,147.7761008800697
2025-03-11 23:00:00,1741734000,147.889,147.928,147.8,147.868,996,9,0,147.77106752083571,147.7145349532921,147.64100165102934,147.77701529917348
2025-03-11 23:30:00,1741735800,147.868,148.065,147.807,148.046,1689,9,0,147.83216362731667,147.7618871028218,147.67781968275392,147.77969176385832
2025-03-12 00:00:00,1741737600,148.043,148.15,147.942,148.02,3141,9,0,147.87390504346854,147.79876037384724,147.70892698432175,147.7820828905861
2025-03-12 00:30:00,1741739400,148.021,148.144,147.955,148.125,3111,9,0,147.92970392269774,147.84536603472623,147.74675180392887,147.78549500112754
2025-03-12 01:00:00,1741741200,148.128,148.154,147.842,147.864,2333,9,0,147.9151030509871,147.84802802976535,147.7574107308444,147.78627614539494
2025-03-12 01:30:00,1741743000,147.861,148.066,147.856,148.031,1920,9,0,147.94085792854554,147.87416688265603,147.7822824825858,147.78871120862485
2025-03-12 02:00:00,1741744800,148.029,148.063,147.863,148.004,2201,9,0,147.95488949997986,147.89271447084803,147.80243862053254,147.79085338565346
2025-03-12 02:30:00,1741746600,148.006,148.066,147.956,148.037,1200,9,0,147.9731362777621,147.91332668929834,147.8237623823023,147.7933026056967
2025-03-12 03:00:00,1741748400,148.037,148.092,147.921,147.969,1394,9,0,147.97221710492607,147.92128001939858,147.836965802093,147.79505083847585
2025-03-12 03:30:00,1741750200,147.973,148.104,147.955,148.071,1545,9,0,147.99416885938695,147.94266858805594,147.85824163826638,147.7977966012771
2025-03-12 04:00:00,1741752000,148.068,148.238,148.059,148.233,1677,9,0,148.04724244618984,147.98414450404795,147.89231058024217,147.80212698335393
2025-03-12 04:30:00,1741753800,148.231,148.266,148.126,148.146,1298,9,0,148.06918856925876,148.00726671775539,147.9153732547656,147.8055486054101
2025-03-12 05:00:00,1741755600,148.146,148.286,148.146,148.238,1714,9,0,148.1067022205346,148.0402286152189,147.94470295887783,147.80985160436128
2025-03-12 05:30:00,1741757400,148.24,148.27,148.025,148.052,1958,9,0,148.0945461715269,148.0419102416162,147.95445723534345,147.8122610411338
2025-03-12 06:00:00,1741759200,148.052,148.141,147.956,148.062,1972,9,0,148.08731368896537,148.0447802070996,147.9642338503122,147.81474600589866
2025-03-12 06:30:00,1741761000,148.065,148.407,148.008,148.36,2330,9,0,148.14791064697306,148.0898116060854,148.00021259119293,147.82017141877532
2025-03-12 07:00:00,1741762800,148.362,148.5,148.273,148.341,3022,9,0,148.19081939209016,148.1256956623589,148.03119326472083,147.82535379271786
2025-03-12 07:30:00,1741764600,148.339,148.597,148.338,148.587,2540,9,0,148.27885952718123,148.19159628202192,148.08172114974622,147.83293236194456
2025-03-12 08:00:00,1741766400,148.59,148.647,148.32,148.385,3189,9,0,148.30244629891874,148.21922538459023,148.10929195431476,147.83842557227348
2025-03-12 08:30:00,1741768200,148.382,148.443,148.256,148.333,3004,9,0,148.30923601027013,148.23547890107733,148.12962904937706,147.84334671085784
2025-03-12 09:00:00,1741770000,148.335,148.56,148.302,148.497,2542,9,0,148.3509613413212,148.2728390580663,148.16302640852462,147.84985072368514
2025-03-12 09:30:00,1741771800,148.497,148.672,148.458,148.603,1930,9,0,148.40696993213874,148.320004906914,148.20302400774966,147.85734474633503
2025-03-12 10:00:00,1741773600,148.605,148.744,148.574,148.656,1833,9,0,148.462309947219,148.3680042059263,148.24420364340878,147.86529156477948
2025-03-12 10:30:00,1741775400,148.656,148.769,148.522,148.679,2399,9,0,148.51046329228146,148.41243217650828,148.28373058491707,147.87338816612498
2025-03-12 11:00:00,1741777200,148.681,148.746,148.658,148.678,1667,9,0,148.54769367177448,148.4503704370071,148.3195732590155,147.88139425402423
2025-03-12 11:30:00,1741779000,148.677,148.746,148.593,148.732,2060,9,0,148.58865063360236,148.4906032317204,148.357066599105,147.88985799279016
2025-03-12 12:00:00,1741780800,148.731,148.867,148.68,148.809,3017,9,0,148.6376171594685,148.53608848433177,148.3981514537318,147.8990036844042
2025-03-12 12:30:00,1741782600,148.823,149.193,148.117,149.121,10303,9,0,148.74503556847552,148.6196472722844,148.463864957938,147.91116285172356
2025-03-12 13:00:00,1741784400,149.124,149.145,148.782,148.894,4853,9,0,148.77813877548095,148.65884051910092,148.50296814357998,147.92094232583577
2025-03-12 13:30:00,1741786200,148.896,149.046,148.617,148.697,6174,9,0,148.76010793648518,148.66429187351508,148.5206074032545,147.9286642927429
2025-03-12 14:00:00,1741788000,148.695,148.707,148.521,148.596,6642,9,0,148.72363950615514,148.65453589158437,148.5274612756859,147.93530444903402
2025-03-12 14:30:00,1741789800,148.598,148.63,148.288,148.317,4540,9,0,148.633275171454,148.6063164785009,148.50832843244171,147.93910241471528
2025-03-12 15:00:00,1741791600,148.315,148.438,148.201,148.375,4375,9,0,148.57588068890865,148.5732712672865,148.4962076658561,147.94343970412112
2025-03-12 15:30:00,1741793400,148.377,148.441,148.288,148.314,3540,9,0,148.5176849802623,148.536232514817,148.47964333259645,147.94712687124428
2025-03-12 16:00:00,1741795200,148.312,148.43,148.259,148.354,3251,9,0,148.481310540204,148.51019929841456,148.46822121145132,147.95117536008763
2025-03-12 16:30:00,1741797000,148.356,148.388,148.19,148.28,2712,9,0,148.4365748646031,148.47731368435535,148.45111019222847,147.95444724705192
2025-03-12 17:00:00,1741798800,148.28,148.297,148.18,148.253,2903,9,0,148.39578045024683,148.44526887230458,148.43310017475315,147.9574179212106
2025-03-12 17:30:00,1741800600,148.251,148.359,148.115,148.125,2406,9,0,148.33560701685866,148.39951617626107,148.40509106795741,147.95908540458166
2025-03-12 18:00:00,1741802400,148.126,148.281,148.103,148.274,2458,9,0,148.32191656866786,148.38158529393806,148.3931736981431,147.96221888314304
2025-03-12 18:30:00,1741804200,148.275,148.413,148.26,148.344,2206,9,0,148.32682399785278,148.37621596623262,148.38870336194827,147.96601770022622
2025-03-12 19:00:00,1741806000,148.342,148.367,148.26,148.305,2358,9,0,148.32197422055216,148.36604225677084,148.3810939654075,147.96939065843293
2025-03-12 19:30:00,1741807800,148.305,148.377,148.299,148.347,1948,9,0,148.3275355048739,148.36332193437502,148.37799451400682,147.9731479653142
2025-03-12 20:00:00,1741809600,148.347,148.362,148.274,148.317,642,9,0,148.3251942815686,148.3567045151786,148.372449558188,147.97656937859466
2025-03-12 20:30:00,1741811400,148.319,148.328,148.031,148.031,549,9,0,148.25981777455337,148.31017529872452,148.3414086892618,147.9771109768176
2025-03-12 21:00:00,1741813200,148.029,148.204,147.976,148.175,230,38,0,148.24096938020818,148.29086454176388,148.32628062660163,147.97908002182442
2025-03-12 21:30:00,1741815000,148.198,148.212,148.183,148.21,183,38,0,148.23408729571747,148.27931246436904,148.31570966054693,147.98137773305004
2025-03-12 22:00:00,1741816800,148.212,148.289,148.183,148.189,587,9,0,148.22406789666914,148.26641068374488,148.3041906004972,147.98344362625352
2025-03-12 22:30:00,1741818600,148.185,148.215,148.093,148.21,716,9,0,148.22094169740933,148.2583520146385,148.29562781863382,147.9856979185296
2025-03-12 23:00:00,1741820400,148.225,148.229,148.088,148.197,1231,9,0,148.21562132020725,148.2495874411187,148.28666165330347,147.98780042680295
2025-03-12 23:30:00,1741822200,148.197,148.304,148.16,148.289,1277,9,0,148.23192769349453,148.2552178066732,148.28687423027588,147.99079743748155
2025-03-13 00:00:00,1741824000,148.291,148.369,148.227,148.323,2078,9,0,148.25216598382906,148.26490097714844,148.2901583911599,147.99410293561607
2025-03-13 00:30:00,1741825800,148.325,148.354,148.101,148.11,2001,9,0,148.22057354297817,148.24277226612725,148.2737803555999,147.99525614023682
2025-03-13 01:00:00,1741827600,148.107,148.314,148.069,148.262,1988,9,0,148.22977942231637,148.24551908525194,148.27270941418175,147.99791030799565
2025-03-13 01:30:00,1741829400,148.262,148.324,148.112,148.113,2036,9,0,148.2038284395794,148.22658778735882,148.25819037652886,147.9990554790604
2025-03-13 02:00:00,1741831200,148.116,148.203,148.09,148.183,1569,9,0,148.19919989745065,148.22036096059327,148.25135488775348,148.0008857728011
2025-03-13 02:30:00,1741833000,148.181,148.233,148.147,148.172,1450,9,0,148.19315547579495,148.2134522519371,148.2441408070486,148.00258840192745
2025-03-13 03:00:00,1741834800,148.172,148.248,148.15,148.206,1259,9,0,148.1960098145072,148.21238764451752,148.24067346095327,148.00461239792818
2025-03-13 03:30:00,1741836600,148.208,148.214,148.013,148.038,1577,9,0,148.16089652239447,148.18747512387216,148.2222486008666,148.00494461287417
2025-03-13 04:00:00,1741838400,148.041,148.114,147.913,147.942,1514,9,0,148.11225285075125,148.1524072490333,148.19677145533328,148.0043182983182
2025-03-13 04:30:00,1741840200,147.939,147.939,147.818,147.844,1793,9,0,148.05264110613984,148.10834907059998,148.16470132303024,148.00272309136977
2025-03-13 05:00:00,1741842000,147.845,147.927,147.801,147.845,1884,9,0,148.00649863810878,148.0707277748,148.13563756639113,148.00115370737606
2025-03-13 05:30:00,1741843800,147.847,147.887,147.693,147.719,2377,9,0,147.94261005186237,148.02048094982857,148.09776142399193,147.99834620780018
2025-03-13 06:00:00,1741845600,147.722,147.807,147.571,147.649,2593,9,0,147.87736337367073,147.96741224271022,148.05696493090176,147.99487012613054
2025-03-13 06:30:00,1741847400,147.649,147.8,147.601,147.787,2211,9,0,147.8572826239661,147.9416390651802,148.03242266445616,147.99280176666656
2025-03-13 07:00:00,1741849200,147.787,147.901,147.703,147.893,2233,9,0,147.86521981864033,147.93469062729733,148.01974787677833,147.9918087142619
2025-03-13 07:30:00,1741851000,147.895,147.938,147.761,147.784,2726,9,0,147.84717097005358,147.91316339482628,147.99831625161664,147.9897409658613
2025-03-13 08:00:00,1741852800,147.786,147.846,147.678,147.835,4708,9,0,147.8444663100417,147.9019971955654,147.98346931965148,147.98820125475822
2025-03-13 08:30:00,1741854600,147.832,147.915,147.719,147.915,2288,9,0,147.86014046336575,147.90385473905607,147.9772448360468,147.98747288406412
2025-03-13 09:00:00,1741856400,147.917,148.042,147.815,148.017,2092,9,0,147.89499813817335,147.92001834776235,147.9808589418607,147.98776668621275
2025-03-13 09:30:00,1741858200,148.017,148.197,147.997,148.146,1850,9,0,147.95077632969037,147.95230144093918,147.9958717653279,147.98934114704647
2025-03-13 10:00:00,1741860000,148.146,148.192,148.077,148.176,1778,9,0,148.0008260342036,147.98425837794787,148.012247059389,147.9911984490659
2025-03-13 10:30:00,1741861800,148.178,148.234,148.11,148.152,1708,9,0,148.03442024882503,148.00822146681247,148.02495187217184,147.9927984644981
2025-03-13 11:00:00,1741863600,148.152,148.181,147.95,147.983,2228,9,0,148.0229935268639,148.00461840012497,148.02113806561076,147.99270096733892
2025-03-13 11:30:00,1741865400,147.982,148.049,147.9,147.992,2409,9,0,148.01610607644972,148.0028157715357,148.0184891505552,147.99269399253953
2025-03-13 12:00:00,1741867200,147.99,148.043,147.849,147.996,2692,9,0,148.0116380594609,148.00184208988776,148.0164446823229,147.99272688813616
2025-03-13 12:30:00,1741869000,147.997,148.253,147.733,148.208,5123,9,0,148.05527404624735,148.0312932199038,148.03385880211175,147.99486890914974
2025-03-13 13:00:00,1741870800,148.205,148.353,148.146,148.194,3433,9,0,148.08610203597016,148.05453704563183,148.04841709282886,147.9968503130388
2025-03-13 13:30:00,1741872600,148.19,148.232,148.026,148.102,4873,9,0,148.0896349168657,148.06131746768443,148.05328826620803,147.9978965785807
2025-03-13 14:00:00,1741874400,148.098,148.175,148.0,148.032,4022,9,0,148.0768271575622,148.05712925801524,148.05135296928,147.9982359161073
2025-03-13 14:30:00,1741876200,148.033,148.109,147.835,147.874,3987,9,0,148.03175445588172,148.03096793544165,148.03522997207273,147.9969997378376
2025-03-13 15:00:00,1741878000,147.877,147.981,147.763,147.829,3704,9,0,147.98669791013023,148.0021153732357,148.01648179279337,147.99532809865514
2025-03-13 15:30:00,1741879800,147.827,147.864,147.638,147.706,4986,9,0,147.92432059676796,147.9598131770592,147.98825617526668,147.99244921210135
2025-03-13 16:00:00,1741881600,147.705,147.83,147.603,147.649,3731,9,0,147.86313824193064,147.91541129462217,147.9574147047879,147.98903180700583
2025-03-13 16:30:00,1741883400,147.645,147.717,147.525,147.584,3502,9,0,147.80110752150162,147.86806682396187,147.92346791344357,147.98500163977195
2025-03-13 17:00:00,1741885200,147.582,147.638,147.436,147.445,2974,9,0,147.7219725167235,147.80762870625304,147.87997083040324,147.97962848912746
2025-03-13 17:30:00,1741887000,147.443,147.704,147.408,147.627,2830,9,0,147.70086751300715,147.78182460535976,147.85697348218474,147.97611974794214
2025-03-13 18:00:00,1741888800,147.625,147.739,147.567,147.697,2964,9,0,147.70000806567222,147.76970680459408,147.84243043834977,147.97334243701735
2025-03-13 18:30:00,1741890600,147.698,147.786,147.659,147.742,2473,9,0,147.70933960663393,147.76574868965207,147.83330039849977,147.97104052222116
2025-03-13 19:00:00,1741892400,147.74,147.777,147.652,147.702,2128,9,0,147.7077085829375,147.7566417339875,147.82136399863614,147.96836350209958
2025-03-13 19:30:00,1741894200,147.705,147.71,147.627,147.694,2398,9,0,147.70466223117361,147.74769291484643,147.80978545330558,147.96563351700408
2025-03-13 20:00:00,1741896000,147.68,147.774,147.68,147.774,643,9,0,147.72007062424615,147.75145106986838,147.80653223027778,147.96372671583987
2025-03-13 20:30:00,1741897800,147.77,147.817,147.731,147.794,681,9,0,147.73649937441365,147.7575294884586,147.80539293661616,147.96203789279667
2025-03-13 21:00:00,1741899600,147.779,147.798,147.629,147.74,345,38,0,147.7372772912106,147.75502527582165,147.79944812419652,147.95982856053004
2025-03-13 21:30:00,1741901400,147.722,147.768,147.669,147.702,205,38,0,147.7294378931638,147.74745023641856,147.790589203815,147.95726310221633
2025-03-13 22:00:00,1741903200,147.743,147.924,147.741,147.9,793,9,0,147.76734058357184,147.76924305978736,147.8005356398318,147.95669332010473
2025-03-13 22:30:00,1741905000,147.905,147.969,147.894,147.934,630,9,0,147.80437600944475,147.79277976553203,147.81266876348346,147.95646751592457
2025-03-13 23:00:00,1741906800,147.934,147.947,147.863,147.895,1046,9,0,147.8245146740126,147.80738265617032,147.82015342134858,147.9558558988507
2025-03-13 23:30:00,1741908600,147.896,147.969,147.859,147.936,1366,9,0,147.84928919089867,147.8257565624317,147.8306849284987,147.95565832771788
2025-03-14 00:00:00,1741910400,147.937,148.105,147.847,148.056,2451,9,0,147.8952249262545,147.85864848208433,147.851168116817,147.9566567523177
2025-03-14 00:30:00,1741912200,148.056,148.325,148.043,148.293,3087,9,0,147.98361938708683,147.92069869892944,147.89133465165182,147.96000345129963
2025-03-14 01:00:00,1741914000,148.293,148.429,148.197,148.331,2667,9,0,148.0608150788453,147.97931317051095,147.93130422877437,147.9636949592469
2025-03-14 01:30:00,1741915800,148.332,148.333,148.149,148.17,1674,9,0,148.08507839465744,148.00655414615224,147.95300384434032,147.96574774572207
2025-03-14 02:00:00,1741917600,148.172,148.284,148.156,148.216,1328,9,0,148.11417208473358,148.03647498241622,147.97691258576393,147.96823781790394
2025-03-14 02:30:00,1741919400,148.214,148.31,148.212,148.245,1206,9,0,148.14324495479278,148.06626427064248,148.00128416887628,147.97099167046213
2025-03-14 03:00:00,1741921200,148.245,148.38,148.245,148.331,1391,9,0,148.18496829817218,148.1040836605507,148.03125833534207,147.97457384289535
2025-03-14 03:30:00,1741923000,148.329,148.386,148.253,148.332,1466,9,0,148.21764200968948,148.1366431376149,148.0585984866746,147.9781303220705
2025-03-14 04:00:00,1741924800,148.329,148.478,148.322,148.437,1184,9,0,148.2663882297585,148.1795512608128,148.09299862424962,147.9826961895126
2025-03-14 04:30:00,1741926600,148.436,148.552,148.432,148.492,1298,9,0,148.31652417870106,148.22418679498242,148.12927147659056,147.98776388911946
2025-03-14 05:00:00,1741928400,148.492,148.647,148.475,148.583,1448,9,0,148.3757410278786,148.27544582427066,148.17051952417324,147.99368663649142
2025-03-14 05:30:00,1741930200,148.581,148.645,148.436,148.465,1658,9,0,148.39557635501671,148.302524992232,148.19729047652112,147.99837632170045
2025-03-14 06:00:00,1741932000,148.467,148.618,148.423,148.614,1665,9,0,148.44411494279078,148.34702142191315,148.23517316047375,148.00450193043974
2025-03-14 06:30:00,1741933800,148.612,148.75,148.597,148.703,2033,9,0,148.50164495550393,148.397875504497,148.27770287315795,148.0114521599876
2025-03-14 07:00:00,1741935600,148.701,149.02,148.553,148.911,4176,9,0,148.59261274316972,148.4711790038546,148.3352753392345,148.02040288476388
2025-03-14 07:30:00,1741937400,148.909,148.909,148.73,148.75,2864,9,0,148.627587689132,148.5110105747325,148.37297758112229,148.02766255755233
2025-03-14 08:00:00,1741939200,148.749,148.865,148.648,148.834,2958,9,0,148.6734570915471,148.5571519211993,148.41488871011117,148.03568581568615
2025-03-14 08:30:00,1741941000,148.832,148.913,148.765,148.877,2113,9,0,148.7186888489811,148.60284450388514,148.4568988273738,148.04405710110223
2025-03-14 09:00:00,1741942800,148.879,148.972,148.876,148.906,1808,9,0,148.76031354920752,148.64615243190156,148.49772620670345,148.0526336473599
2025-03-14 09:30:00,1741944600,148.905,149.001,148.842,148.968,1806,9,0,148.80646609382808,148.6921306559156,148.5404783697304,148.06174177027177
2025-03-14 10:00:00,1741946400,148.97,148.979,148.73,148.741,1585,9,0,148.79191807297738,148.69911199078481,148.55870760884582,148.06850055862728
2025-03-14 10:30:00,1741948200,148.739,148.823,148.601,148.797,2694,9,0,148.7930473900935,148.71309599210127,148.58037055349618,148.0757493092877
2025-03-14 11:00:00,1741950000,148.796,148.819,148.635,148.715,2674,9,0,148.77570352562827,148.71336799322967,148.59260959408743,148.08211001267787
2025-03-14 11:30:00,1741951800,148.713,148.8,148.675,148.724,1779,9,0,148.76421385326643,148.7148868513397,148.60455417644312,148.08849697772587
2025-03-14 12:00:00,1741953600,148.724,148.782,148.582,148.764,2249,9,0,148.76416633031835,148.72190301543407,148.6190492513119,148.09521840083306
2025-03-14 12:30:00,1741955400,148.763,148.8,148.65,148.654,2209,9,0,148.73968492358094,148.71220258465777,148.62222659210173,148.10077841674516
2025-03-14 13:00:00,1741957200,148.651,148.676,148.544,148.597,2158,9,0,148.70797716278517,148.6957450725638,148.61993326554702,148.10571594493675
2025-03-14 13:30:00,1741959000,148.599,148.788,148.516,148.689,3139,9,0,148.70376001549957,148.69478149076897,148.6262120595882,148.11151976638018
2025-03-14 14:00:00,1741960800,148.69,148.894,148.369,148.573,6404,9,0,148.67470223427745,148.67738413494484,148.62137459962565,148.1161116095008
2025-03-14 14:30:00,1741962600,148.571,148.648,148.346,148.454,4781,9,0,148.6256572933269,148.64547211566702,148.6061587269324,148.11947368303808
2025-03-14 15:00:00,1741964400,148.457,148.565,148.367,148.485,3613,9,0,148.59440011703202,148.6225475277146,148.59514429721125,148.12311076081878
2025-03-14 15:30:00,1741966200,148.483,148.526,148.375,148.513,2947,9,0,148.57631120213603,148.60689788089826,148.58767663382838,148.12699025573602
2025-03-14 16:00:00,1741968000,148.512,148.522,148.276,148.289,2322,9,0,148.51246426832802,148.5614838979128,148.56052421257127,148.12860229299238
2025-03-14 16:30:00,1741969800,148.292,148.382,148.254,148.354,2078,9,0,148.47724998647735,148.53184334106814,148.54174928415569,148.1308450562462
2025-03-14 17:00:00,1741971600,148.353,148.408,148.313,148.357,2085,9,0,148.45052776726016,148.50686572091556,148.52495389468697,148.133095354194
2025-03-14 17:30:00,1741973400,148.359,148.501,148.358,148.435,1884,9,0,148.44707715231345,148.4965991893562,148.51677626789726,148.13609938052045
2025-03-14 18:00:00,1741975200,148.436,148.502,148.436,148.493,1382,9,0,148.45728222957712,148.49608501944817,148.51461478899748,148.13965063046552
2025-03-14 18:30:00,1741977000,148.495,148.581,148.495,148.533,1215,9,0,148.4741084007822,148.50135858809844,148.51628617181586,148.1435645545405
2025-03-14 19:00:00,1741978800,148.534,148.595,148.497,148.551,1050,9,0,148.4911954228306,148.50845021837011,148.51944197437805,148.14761863857493
2025-03-14 19:30:00,1741980600,148.551,148.659,148.549,148.638,943,9,0,148.5238186622016,148.52695733003154,148.53021997670731,148.15249805510655
2025-03-14 20:00:00,1741982400,148.635,148.639,148.6,148.623,409,9,0,148.54585895949015,148.5406777114556,148.53865452427937,148.1571796664985
2025-03-14 20:30:00,1741984200,148.625,148.648,148.552,148.63,683,9,0,148.56455696849235,148.55343803839054,148.54695865843578,148.16188434643385
2025-03-16 21:00:00,1742158800,148.726,148.783,148.636,148.756,210,61,0,148.60709986438295,148.58237546147762,148.56596241675982,148.1677959449768
2025-03-16 21:30:00,1742160600,148.757,148.795,148.669,148.701,486,38,0,148.62796656118672,148.59932182412368,148.57823856069072,148.1731014579621
2025-03-16 22:00:00,1742162400,148.754,148.793,148.639,148.695,984,9,0,148.64286288092302,148.61299013496316,148.58885323699158,148.17829447828092
2025-03-16 22:30:00,1742164200,148.696,148.727,148.559,148.564,1063,9,0,148.62533779627347,148.60599154425415,148.5865938518105,148.18213234416868
2025-03-16 23:00:00,1742166000,148.567,148.615,148.459,148.582,1528,9,0,148.61570717487936,148.60256418078927,148.58617622891865,148.18611112681376
2025-03-16 23:30:00,1742167800,148.582,148.697,148.537,148.602,1456,9,0,148.61266113601727,148.60248358353368,148.5876147535624,148.1902493245569
2025-03-17 00:00:00,1742169600,148.604,148.799,148.462,148.795,2596,9,0,148.65318088356898,148.62998592874317,148.606467957784,148.19626674421306
2025-03-17 00:30:00,1742171400,148.793,148.885,148.73,148.791,2239,9,0,148.683807353887,148.65298793892273,148.62324359798546,148.20218448805176
2025-03-17 01:00:00,1742173200,148.792,148.894,148.662,148.669,2005,9,0,148.68051683080103,148.6552753762195,148.62740327089588,148.2068294185189
2025-03-17 01:30:00,1742175000,148.67,148.69,148.557,148.615,1889,9,0,148.66595753506746,148.64952175104528,148.62627570081443,148.21089081733962
2025-03-17 02:00:00,1742176800,148.613,148.704,148.534,148.616,1915,9,0,148.65485586060802,148.64473292946738,148.62534154619493,148.2149217544805
2025-03-17 02:30:00,1742178600,148.618,148.661,148.555,148.644,1484,9,0,148.65244344713958,148.64462822525778,148.62703776926813,148.2191911897593
2025-03-17 03:00:00,1742180400,148.646,148.68,148.566,148.669,1283,9,0,148.65612268110857,148.64810990736382,148.63085251751647,148.22366689931394
2025-03-17 03:30:00,1742182200,148.672,148.811,148.618,148.728,1345,9,0,148.67209541864,148.65952277774042,148.63968410683316,148.22868513912178
2025-03-17 04:00:00,1742184000,148.727,148.97,148.717,148.848,2245,9,0,148.71118532560888,148.6864480952061,148.65862191530286,148.23484747604596
2025-03-17 04:30:00,1742185800,148.845,149.038,148.83,149.031,1061,9,0,148.78225525325135,148.73566979589094,148.69247446845714,148.24276939170718
2025-03-17 05:00:00,1742187600,149.032,149.064,148.888,148.964,1636,9,0,148.82264297475106,148.76828839647797,148.7171586076883,148.2499458156703
2025-03-17 05:30:00,1742189400,148.962,149.003,148.887,148.976,1745,9,0,148.8567223136953,148.7979614826954,148.740689643353,148.2571702354149
2025-03-17 06:00:00,1742191200,148.975,149.095,148.808,148.846,2281,9,0,148.85433957731857,148.80482412802462,148.75026331213908,148.2630292380476
2025-03-17 06:30:00,1742193000,148.849,148.97,148.796,148.961,1915,9,0,148.87804189347,148.82713496687825,148.7694211928537,148.2699742207536
2025-03-17 07:00:00,1742194800,148.961,148.992,148.849,148.938,2006,9,0,148.89136591714333,148.8429728287528,148.78474653895793,148.27662124343266
2025-03-17 07:30:00,1742196600,148.937,148.972,148.816,148.835,2145,9,0,148.87884015777814,148.8418338532167,148.7893150354163,148.2821772509607
2025-03-17 08:00:00,1742198400,148.837,148.935,148.68,148.872,2903,9,0,148.87732012271636,148.84614330275718,148.79683185037845,148.28804613403574
2025-03-17 08:30:00,1742200200,148.874,148.977,148.809,148.919,2432,9,0,148.88658231766829,148.85655140236332,148.80793804579858,148.29432428195577
2025-03-17 09:00:00,1742202000,148.92,148.932,148.823,148.874,2025,9,0,148.88378624707534,148.85904405916858,148.8139436779987,148.30009219954826
2025-03-17 09:30:00,1742203800,148.872,148.885,148.592,148.663,2353,9,0,148.83472263661415,148.83103776500167,148.80022152545337,148.30370322243834
2025-03-17 10:00:00,1742205600,148.663,148.678,148.515,148.568,2180,9,0,148.77545093958878,148.79346094143,148.7791104776849,148.30633304112058
2025-03-17 10:30:00,1742207400,148.568,148.637,148.475,148.495,1711,9,0,148.71312850856904,148.75082366408287,148.7532822524408,148.30821032429353
2025-03-17 11:00:00,1742209200,148.496,148.551,148.41,148.513,1754,9,0,148.66865550666483,148.71684885492817,148.73143841130982,148.31024803250952
2025-03-17 11:30:00,1742211000,148.515,148.548,148.434,148.452,1688,9,0,148.62050983851708,148.67901330422416,148.70603491937254,148.31165849984774
2025-03-17 12:00:00,1742212800,148.455,148.577,148.398,148.538,2091,9,0,148.6021743188466,148.65886854647786,148.6907590176114,148.31391065407811
2025-03-17 12:30:00,1742214600,148.539,148.949,148.243,148.816,6266,9,0,148.6496911368807,148.68131589698103,148.70214456146493,148.3189065679679
2025-03-17 13:00:00,1742216400,148.817,148.875,148.725,148.772,3168,9,0,148.67687088424054,148.69427076884088,148.7084950558772,148.32341496032643
2025-03-17 13:30:00,1742218200,148.774,149.094,148.721,148.829,4770,9,0,148.7106773544093,148.71351780186362,148.71945005079743,148.3284456572386
2025-03-17 14:00:00,1742220000,148.827,148.845,148.644,148.657,5267,9,0,148.69874905342948,148.7054438301688,148.7137727734522,148.331714854679
2025-03-17 14:30:00,1742221800,148.654,148.693,148.561,148.598,3756,9,0,148.6763603748896,148.69009471157327,148.70324797586565,148.33436445811503
2025-03-17 15:00:00,1742223600,148.6,148.658,148.47,148.495,3185,9,0,148.63605806935857,148.6622240384914,148.68431634169605,148.3359628217159
2025-03-17 15:30:00,1742225400,148.493,148.575,148.438,148.553,2746,9,0,148.61760072061222,148.6466206044212,148.67237849245095,148.33812239562917
2025-03-17 16:00:00,1742227200,148.552,148.662,148.518,148.555,1900,9,0,148.60368944936505,148.63353194664677,148.66170772040994,148.34028038174233
2025-03-17 16:30:00,1742229000,148.558,148.729,148.535,148.724,1850,9,0,148.63042512728393,148.64645595426867,148.66737065491813,148.34409848739665
2025-03-17 17:00:00,1742230800,148.726,148.909,148.696,148.894,2000,9,0,148.68899732122082,148.68181938937317,148.68797332265282,148.34957014423847
2025-03-17 17:30:00,1742232600,148.895,149.021,148.848,148.987,1694,9,0,148.7552201387273,148.72541661946272,148.71515756604802,148.35591272986792
2025-03-17 18:00:00,1742234400,148.987,149.08,148.945,149.029,1956,9,0,148.81606010789903,148.7687856738252,148.7436886964073,148.3626101156404
2025-03-17 18:30:00,1742236200,149.028,149.239,149.014,149.172,1910,9,0,148.89515786169926,148.82638772042162,148.78262608764302,148.37066374633054
2025-03-17 19:00:00,1742238000,149.174,149.271,149.134,149.26,1553,9,0,148.97623389243276,148.88833233178997,148.8260237160391,148.37951286328246
2025-03-17 19:30:00,1742239800,149.262,149.282,149.144,149.153,1544,9,0,149.01551524966993,148.92614199867714,148.8557488327628,148.38720925270252
2025-03-17 20:00:00,1742241600,149.149,149.18,149.041,149.18,783,9,0,149.05206741640995,148.96240742743757,148.88522621160254,148.39509771784975
2025-03-17 20:30:00,1742243400,149.18,149.217,149.13,149.187,804,9,0,149.0820524349855,148.9944920806608,148.91266019236596,148.40297734254776
2025-03-17 21:00:00,1742245200,149.185,149.198,149.059,149.127,318,38,0,149.0920407827665,149.01342178342355,148.9321456294236,148.41018154809453
2025-03-17 21:30:00,1742247000,149.129,149.145,149.072,149.133,282,38,0,149.10114283104062,149.03050438579163,148.9504051176578,148.41737377149659
2025-03-17 22:00:00,1742248800,149.133,149.249,149.133,149.203,539,9,0,149.12377775747603,149.05514661639282,148.9733682887798,148.4251909478996
2025-03-17 22:30:00,1742250600,149.203,149.326,149.202,149.325,554,9,0,149.16849381137024,149.09369709976528,149.00533480798163,148.4341442718011
2025-03-17 23:00:00,1742252400,149.329,149.393,149.307,149.364,1148,9,0,149.21193963106575,149.1323117997988,149.03794073452875,148.44339656760408
2025-03-17 23:30:00,1742254200,149.364,149.395,149.306,149.395,1164,9,0,149.25261971305113,149.16983868554183,149.0704006677534,148.45286525847368
2025-03-18 00:00:00,1742256000,149.392,149.464,149.252,149.307,2260,9,0,149.26470422126198,149.18943315903587,149.09190969795765,148.4613641116232
2025-03-18 00:30:00,1742257800,149.307,149.484,149.284,149.459,1919,9,0,149.30788106098154,149.22794270774506,149.12528154359785,148.47129083688068
2025-03-18 01:00:00,1742259600,149.459,149.486,149.358,149.476,1712,9,0,149.34524082520787,149.2633794637815,149.1571650396344,148.48128794298137
2025-03-18 01:30:00,1742261400,149.476,149.531,149.407,149.426,1548,9,0,149.36318730849501,149.28661096895559,149.1816045814858,148.4906880629517
2025-03-18 02:00:00,1742263200,149.424,149.549,149.394,149.533,1478,9,0,149.40092346216278,149.32180940196193,149.21354961953253,148.50105932600692
2025-03-18 02:30:00,1742265000,149.532,149.722,149.486,149.668,1524,9,0,149.46027380390439,149.37126520168167,149.2548632904841,148.5126706759969
2025-03-18 03:00:00,1742266800,149.668,149.722,149.638,149.698,1134,9,0,149.5131018474812,149.41794160144144,149.29514844589465,148.5244649976288
2025-03-18 03:30:00,1742268600,149.699,149.723,149.652,149.685,969,9,0,149.55130143692983,149.45609280123554,149.33058949626786,148.53601260959272
2025-03-18 04:00:00,1742270400,149.685,149.705,149.615,149.699,871,9,0,149.58412333983432,149.4907938296305,149.36408136024352,148.5475846234276
2025-03-18 04:30:00,1742272200,149.7,149.729,149.539,149.555,1154,9,0,149.5776514865378,149.4999661396833,149.38143760022137,148.55760865702536
2025-03-18 05:00:00,1742274000,149.556,149.633,149.51,149.599,952,9,0,149.5823956006405,149.51411383401424,149.40121600020123,148.56797075994055
2025-03-18 05:30:00,1742275800,149.6,149.737,149.566,149.737,1052,9,0,149.6167521338315,149.54595471486934,149.43174181836474,148.57960289168244
2025-03-18 06:00:00,1742277600,149.737,149.86,149.721,149.839,1520,9,0,149.66614054853562,149.58781832703087,149.4687652894225,148.5921342061931
2025-03-18 06:30:00,1742279400,149.838,149.873,149.726,149.733,1496,9,0,149.6809982044166,149.60855856602646,149.49278662674772,148.60348610463893
2025-03-18 07:00:00,1742281200,149.733,149.814,149.716,149.777,1446,9,0,149.70233193676847,149.63262162802266,149.51862420613426,148.61516285981665
2025-03-18 07:30:00,1742283000,149.777,149.858,149.704,149.825,1634,9,0,149.72959150637547,149.66010425259088,149.54647655103113,148.627201040316
2025-03-18 08:00:00,1742284800,149.829,149.899,149.797,149.806,1861,9,0,149.74657117162536,149.68094650222076,149.5700695918465,148.63893038319844
2025-03-18 08:30:00,1742286600,149.806,149.825,149.649,149.749,1547,9,0,149.74711091126417,149.69066843047494,149.58633599258772,148.64997585202235
2025-03-18 09:00:00,1742288400,149.747,149.846,149.696,149.818,1416,9,0,149.76286404209435,149.70885865469282,149.6073963568979,148.661597982848
2025-03-18 09:30:00,1742290200,149.82,149.824,149.744,149.783,1342,9,0,149.7673386994067,149.71945027545098,149.62336032445265,148.6727562118744
2025-03-18 10:00:00,1742292000,149.783,149.812,149.608,149.696,1913,9,0,149.75148565509411,149.71610023610086,149.6299639313206,148.6829377421045
2025-03-18 10:30:00,1742293800,149.696,149.699,149.592,149.647,1328,9,0,149.72826662062874,149.70622877380075,149.6315126648369,148.69253040138705
2025-03-18 11:00:00,1742295600,149.647,149.684,149.56,149.665,1449,9,0,149.71420737160014,149.70033894897207,149.6345569680335,148.7022067158011
2025-03-18 11:30:00,1742297400,149.666,149.768,149.581,149.741,1559,9,0,149.72016128902231,149.70614767054752,149.64423360730316,148.7125429673852
2025-03-18 12:00:00,1742299200,149.742,149.767,149.625,149.743,1533,9,0,149.72523655812847,149.71141228904074,149.6532123702756,148.7227962711923
2025-03-18 12:30:00,1742301000,149.745,149.932,149.745,149.839,2428,9,0,149.7505173229888,149.72963910489207,149.670102154796,148.73390277595658
2025-03-18 13:00:00,1742302800,149.839,149.881,149.645,149.864,2589,9,0,149.77573569565794,149.74883351847893,149.68772923163272,148.74514752445452
2025-03-18 13:30:00,1742304600,149.865,149.892,149.587,149.595,4371,9,0,149.73557220773395,149.72685730155337,149.67929930148426,148.75360376799227
2025-03-18 14:00:00,1742306400,149.592,149.648,149.441,149.555,4260,9,0,149.69544505045974,149.70230625847432,149.6679993649857,148.76157785985305
2025-03-18 14:30:00,1742308200,149.554,149.75,149.523,149.662,2903,9,0,149.68801281702423,149.69654822154942,149.66745396816881,148.77053728413313
2025-03-18 15:00:00,1742310000,149.661,149.697,149.526,149.544,3313,9,0,149.65600996879664,149.67475561847095,149.65623088015346,148.77823343055968
2025-03-18 15:30:00,1742311800,149.546,149.616,149.412,149.493,2335,9,0,149.61978553128628,149.64879053011796,149.6413917092304,148.78534553572825
2025-03-18 16:00:00,1742313600,149.49,149.647,149.463,149.587,2132,9,0,149.6124998576671,149.63996331152967,149.63644700839126,148.7933221970643
2025-03-18 16:30:00,1742315400,149.588,149.604,149.278,149.415,2728,9,0,149.56861100040774,149.60782569559686,149.61631546217387,148.79950804584973
2025-03-18 17:00:00,1742317200,149.417,149.424,149.207,149.316,2620,9,0,149.51247522253936,149.56613631051158,149.5890140565217,148.80464726927414
2025-03-18 17:30:00,1742319000,149.318,149.359,149.244,149.249,2075,9,0,149.45392517308616,149.52083112329566,149.55810368774698,148.8090686894804
2025-03-18 18:00:00,1742320800,149.252,149.252,149.1,149.114,2267,9,0,149.37838624573368,149.46271239139628,149.51773062522452,148.81210283187363
2025-03-18 18:30:00,1742322600,149.112,149.246,149.093,149.23,1678,9,0,149.34541152445954,149.42946776405395,149.49157329565864,148.816261012651
2025-03-18 19:00:00,1742324400,149.23,149.238,149.141,149.187,1403,9,0,149.31020896346854,149.39482951204624,149.46388481423514,148.81994995779877
2025-03-18 19:30:00,1742326200,149.189,149.289,149.155,149.272,1862,9,0,149.30171808269776,149.3772824388968,149.44644074021377,148.82444796816895
2025-03-18 20:00:00,1742328000,149.265,149.36,149.262,149.36,555,9,0,149.31466961987604,149.3748135190544,149.43858249110343,148.82977684410758
2025-03-18 20:30:00,1742329800,149.356,149.373,149.267,149.271,620,9,0,149.30496525990358,149.35998301633236,149.42334771918493,148.83416712426572
2025-03-18 21:00:00,1742331600,149.261,149.265,149.132,149.256,319,38,0,149.29408409103613,149.34512829971345,149.4081342901681,148.83836446631284
2025-03-18 21:30:00,1742333400,149.257,149.27,149.164,149.211,281,38,0,149.27562095969478,149.3259671140401,149.3902129910619,148.84207228256844
2025-03-18 22:00:00,1742335200,149.243,149.305,149.185,149.298,420,9,0,149.2805940797626,149.3219718120344,149.38182999187447,148.84660887677174
2025-03-18 22:30:00,1742337000,149.298,149.398,149.261,149.386,520,9,0,149.30401761759313,149.3311186960295,149.38220908352224,148.85197595262477
2025-03-18 23:00:00,1742338800,149.388,149.414,149.357,149.366,709,9,0,149.31779148035022,149.33610173945388,149.38073553047474,148.85709061976286
2025-03-18 23:30:00,1742340600,149.365,149.472,149.28,149.439,1253,9,0,149.34472670693907,149.35080149096046,149.38603230043157,148.86288076284978
2025-03-19 00:00:00,1742342400,149.437,149.46,149.295,149.336,1895,9,0,149.3427874387304,149.34868699225183,149.38148390948322,148.86758841695078
2025-03-19 00:30:00,1742344200,149.335,149.642,149.316,149.602,2162,9,0,149.40039023012363,149.38487456478728,149.40153082680294,148.87489599489157
2025-03-19 01:00:00,1742346000,149.604,149.642,149.54,149.557,1296,9,0,149.43519240120727,149.40946391267482,149.41566438800268,148.88168309942003
2025-03-19 01:30:00,1742347800,149.557,149.557,149.435,149.459,1402,9,0,149.44048297871677,149.41654049657845,149.41960398909333,148.887427546192
2025-03-19 02:00:00,1742349600,149.462,149.558,149.285,149.467,2429,9,0,149.44637565011305,149.42374899706724,149.42391271735755,148.89319443627966
2025-03-19 02:30:00,1742351400,149.467,149.47,149.203,149.42,1517,9,0,149.44051439453239,149.42321342605763,149.4235570157796,148.89843628268486
2025-03-19 03:00:00,1742353200,149.419,149.515,149.393,149.507,730,9,0,149.4552889735252,149.43518293662083,149.43114274161783,148.90449164305616
2025-03-19 03:30:00,1742355000,149.508,149.513,149.296,149.319,1117,9,0,149.42500253496405,149.41858537424645,149.4209479469253,148.9086161043193
2025-03-19 04:00:00,1742356800,149.32,149.501,149.303,149.467,1202,9,0,149.43433530497205,149.42550174935408,149.42513449720482,148.9141721629828
2025-03-19 04:30:00,1742358600,149.467,149.568,149.467,149.53,942,9,0,149.45559412608938,149.44043007087495,149.43466772473164,148.92029980315212
2025-03-19 05:00:00,1742360400,149.53,149.631,149.53,149.6,1268,9,0,149.48768432029175,149.46322577503568,149.4496979315742,148.9270629891904
2025-03-19 05:30:00,1742362200,149.599,149.772,149.597,149.769,1322,9,0,149.55019891578246,149.50690780717346,149.47872539234018,148.93544047188502
2025-03-19 06:00:00,1742364000,149.771,149.897,149.756,149.856,1551,9,0,149.61815471227524,149.5567781204344,149.51302308394563,148.94460026818467
2025-03-19 06:30:00,1742365800,149.856,150.019,149.568,149.661,5364,9,0,149.62767588732518,149.57166696037234,149.52647553085964,148.95172862372513
2025-03-19 07:00:00,1742367600,149.663,149.679,149.392,149.423,4803,9,0,149.5821923568085,149.5504288231763,149.51706866441785,148.95641789115078
2025-03-19 07:30:00,1742369400,149.42,149.437,149.137,149.275,5168,9,0,149.51392738862884,149.51108184843682,149.49506242219803,148.95958786238313
2025-03-19 08:00:00,1742371200,149.273,149.554,149.273,149.515,3183,9,0,149.5141657467113,149.51164158437442,149.49687492927094,148.96511435131464
2025-03-19 08:30:00,1742373000,149.517,149.684,149.486,149.624,2092,9,0,149.53857335855324,149.52769278660665,149.50843175388266,148.97167042742097
2025-03-19 09:00:00,1742374800,149.623,149.703,149.565,149.674,1580,9,0,149.56866816776363,149.54859381709142,149.5234834126206,148.978658781377
2025-03-19 09:30:00,1742376600,149.671,149.789,149.663,149.754,1619,9,0,149.6098530193717,149.5779375575069,149.54443946601873,148.98637361937324
2025-03-19 10:00:00,1742378400,149.756,149.812,149.67,149.731,1313,9,0,149.63677457062244,149.59980362072022,149.56139951456245,148.99378283709092
2025-03-19 10:30:00,1742380200,149.731,149.791,149.698,149.776,1226,9,0,149.66771355492855,149.6249745320459,149.58090864960224,149.00156609244326
2025-03-19 11:00:00,1742382000,149.776,149.882,149.767,149.844,1188,9,0,149.70688832049998,149.65626388461078,149.60482604509292,149.00994851938412
2025-03-19 11:30:00,1742383800,149.841,149.853,149.747,149.825,1446,9,0,149.73313536038887,149.6803690439521,149.62484185917538,149.01805848436538
2025-03-19 12:00:00,1742385600,149.825,149.848,149.655,149.682,1587,9,0,149.7217719469691,149.68060203767322,149.6300380537958,149.02466486760554
2025-03-19 12:30:00,1742387400,149.681,149.819,149.592,149.789,1491,9,0,149.73671151430932,149.69608746086277,149.64448913981437,149.032270192306
2025-03-19 13:00:00,1742389200,149.787,149.901,149.739,149.901,1409,9,0,149.77322006668504,149.72536068073953,149.66780830892216,149.0409142699945
2025-03-19 13:30:00,1742391000,149.906,150.106,149.855,150.073,2655,9,0,149.83983782964393,149.77502344063387,149.70464391720196,149.05118377974577
2025-03-19 14:00:00,1742392800,150.075,150.145,149.895,149.922,2337,9,0,149.85809608972306,149.79602009197188,149.72440356109269,149.05984861775826
2025-03-19 14:30:00,1742394600,149.924,149.937,149.794,149.874,2120,9,0,149.86163029200682,149.80716007883305,149.73800323735696,149.0679496265368
2025-03-19 15:00:00,1742396400,149.873,149.907,149.808,149.872,1719,9,0,149.86393467156086,149.81642292471406,149.7501847612336,149.0759501277653
2025-03-19 15:30:00,1742398200,149.871,150.047,149.846,150.031,1810,9,0,149.90106030010287,149.84707679261206,149.77571341930326,149.08545311156865
2025-03-19 16:00:00,1742400000,150.028,150.03,149.842,149.881,1615,9,0,149.89660245563556,149.85192296509604,149.78528492663932,149.09336900100578
2025-03-19 16:30:00,1742401800,149.885,149.949,149.846,149.937,1121,9,0,149.90557968771657,149.86407682722518,149.79907720603575,149.10176333930426
2025-03-19 17:00:00,1742403600,149.935,149.995,149.919,149.964,1312,9,0,149.9185619793351,149.878351566193,149.81407018730522,149.1103428085649
2025-03-19 17:30:00,1742405400,149.963,149.991,149.869,149.921,1730,9,0,149.91910376170506,149.884444199594,149.8237910793684,149.1184090492757
2025-03-19 18:00:00,1742407200,149.924,149.958,149.227,149.294,5704,9,0,149.78019181465947,149.8000950282234,149.77562825397126,149.12015622291474
2025-03-19 18:30:00,1742409000,149.296,149.425,148.657,148.824,6843,9,0,149.56770474473515,149.66065288133436,149.68911659451933,149.11720939482603
2025-03-19 19:00:00,1742410800,148.826,149.141,148.766,148.952,5447,9,0,149.43088146812735,149.55941675542945,149.62210599501756,149.11556552025067
2025-03-19 19:30:00,1742412600,148.955,148.986,148.789,148.84,3868,9,0,149.29957447521016,149.45664293322525,149.55100545001596,149.11282357477555
2025-03-19 20:00:00,1742414400,148.84,148.89,148.592,148.704,1072,9,0,149.16722459183012,149.34912251419308,149.47400495455997,149.1087556785091
2025-03-19 20:30:00,1742416200,148.703,148.726,148.412,148.49,707,9,0,149.0167302380901,149.2263907264512,149.38454995869088,149.10259890558865
2025-03-19 21:00:00,1742418000,148.479,148.712,148.456,148.695,263,38,0,148.94523462962565,149.15047776552962,149.3218635988099,149.09854319508528
2025-03-19 21:30:00,1742419800,148.695,148.799,148.652,148.789,412,38,0,148.91051582304218,149.09883808473967,149.27342145346353,149.0954631632934
2025-03-19 22:00:00,1742421600,148.807,148.87,148.617,148.716,894,9,0,148.86729008458838,149.04414692977687,149.22274677587592,149.09168741042484
2025-03-19 22:30:00,1742423400,148.716,148.736,148.54,148.592,1116,9,0,148.8061145102354,148.97955451123732,149.1654061598872,149.08671539639076
2025-03-19 23:00:00,1742425200,148.596,148.713,148.573,148.595,1249,9,0,148.75920017462755,148.92461815248913,149.1135510544429,149.0818227058794
2025-03-19 23:30:00,1742427000,148.595,148.595,148.448,148.455,1373,9,0,148.69160013582143,148.8575298449907,149.05368277676627,149.07558566402986
2025-03-20 00:00:00,1742428800,148.458,148.517,148.338,148.505,1844,9,0,148.65013343897223,148.80716843856345,149.00380252433297,149.06990819473603
2025-03-20 00:30:00,1742430600,148.502,148.516,148.274,148.299,2348,9,0,148.57210378586728,148.7345729473401,148.93972956757543,149.06223746643022
2025-03-20 01:00:00,1742432400,148.297,148.415,148.242,148.291,1702,9,0,148.5096362778968,148.67120538343437,148.8807541523413,149.05456346178912
2025-03-20 01:30:00,1742434200,148.29,148.315,148.194,148.302,1371,9,0,148.46349488280862,148.61846175722948,148.82814013849207,149.04707526813948
2025-03-20 02:00:00,1742436000,148.302,148.345,148.178,148.276,1947,9,0,148.4218293532956,148.56953864905387,148.77794558044732,149.03940287741173
2025-03-20 02:30:00,1742437800,148.276,148.429,148.232,148.427,1493,9,0,148.42297838589658,148.54917598490331,148.74604143677027,149.03330931644248
2025-03-20 03:00:00,1742439600,148.43,148.447,148.329,148.428,1135,9,0,148.4240943001418,148.53186512991715,148.71712857888204,149.02728633816943
2025-03-20 03:30:00,1742441400,148.43,148.437,148.359,148.363,893,9,0,148.4105177889992,148.507741539929,148.68493507171095,149.0206765238593
2025-03-20 04:00:00,1742443200,148.363,148.37,148.296,148.353,772,9,0,148.3977360581105,148.4856356056534,148.65475915610085,149.0140329763582
2025-03-20 04:30:00,1742445000,148.354,148.416,148.354,148.391,721,9,0,148.39623915630816,148.4721162334172,148.63078105100075,149.00783364326014
2025-03-20 05:00:00,1742446800,148.391,148.426,148.337,148.402,1062,9,0,148.39751934379524,148.46209962864333,148.60998277363703,149.0018054478048
2025-03-20 05:30:00,1742448600,148.404,148.462,148.353,148.368,780,9,0,148.39095948961852,148.44865682455145,148.58798433967002,148.9954989259361
2025-03-20 06:00:00,1742450400,148.366,148.366,148.176,148.185,1401,9,0,148.34519071414775,148.41099156390126,148.5513493997,148.98743426000638
2025-03-20 06:30:00,1742452200,148.184,148.348,148.169,148.275,1504,9,0,148.32959277767048,148.39156419762966,148.526226727,148.98034536189687
2025-03-20 07:00:00,1742454000,148.274,148.492,148.25,148.479,2167,9,0,148.36279438263261,148.4040550265397,148.5219333881818,148.97535685083324
2025-03-20 07:30:00,1742455800,148.479,148.641,148.456,148.582,1728,9,0,148.4115067420476,148.42947573703404,148.52739398925618,148.9714428523175
2025-03-20 08:00:00,1742457600,148.585,148.616,148.391,148.574,2283,9,0,148.4476163549259,148.4501220603149,148.53163089932377,148.96748819707057
2025-03-20 08:30:00,1742459400,148.586,148.682,148.501,148.541,2091,9,0,148.46836827605347,148.46310462312707,148.5324826357489,148.96324453341813
2025-03-20 09:00:00,1742461200,148.541,148.772,148.536,148.734,1920,9,0,148.5273975480416,148.50180396268036,148.55080239613537,148.96096349328462
2025-03-20 09:30:00,1742463000,148.735,148.778,148.592,148.74,1960,9,0,148.5746425373657,148.53583196801173,148.56800217830488,148.9587648515604
2025-03-20 10:00:00,1742464800,148.741,148.741,148.437,148.485,3056,9,0,148.55472197350667,148.5285702582958,148.5604565257317,148.95405077343543
2025-03-20 10:30:00,1742466600,148.484,148.657,148.435,148.595,2323,9,0,148.56367264606075,148.5380602213964,148.56359684157425,148.95047812892363
2025-03-20 11:00:00,1742468400,148.593,148.634,148.414,148.427,1788,9,0,148.53330094693615,148.52219447548262,148.55117894688567,148.94526939132243
2025-03-20 11:30:00,1742470200,148.424,148.539,148.395,148.453,1554,9,0,148.51545629206146,148.5123095504137,148.54225358807787,148.9403711884237
2025-03-20 12:00:00,1742472000,148.453,148.53,148.399,148.41,2395,9,0,148.49202156049225,148.49769390035462,148.53023053461624,148.93509386316575
2025-03-20 12:30:00,1742473800,148.414,148.692,148.408,148.558,2796,9,0,148.5066834359384,148.50630905744683,148.53275503146932,148.9313416854228
2025-03-20 13:00:00,1742475600,148.556,148.669,148.446,148.57,2833,9,0,148.52075378350764,148.51540776352584,148.53614093769937,148.92774624576688
2025-03-20 13:30:00,1742477400,148.572,148.823,148.525,148.782,3946,9,0,148.57880849828373,148.55349236873644,148.55849176154487,148.92629603436623
2025-03-20 14:00:00,1742479200,148.787,148.918,148.787,148.862,3189,9,0,148.64173994310957,148.59756488748837,148.58608341958626,148.92565627283025
2025-03-20 14:30:00,1742481000,148.861,148.919,148.687,148.697,3109,9,0,148.6540199557519,148.61176990356148,148.59616674507842,148.92338108603593
2025-03-20 15:00:00,1742482800,148.7,148.854,148.679,148.817,2630,9,0,148.6902377433626,148.641088488767,148.61624249552585,148.92232256776694
2025-03-20 15:30:00,1742484600,148.821,148.958,148.803,148.845,2222,9,0,148.72462935594868,148.67021870465743,148.63703863229622,148.9215531889832
2025-03-20 16:00:00,1742486400,148.844,148.957,148.751,148.782,2424,9,0,148.7373783879601,148.68618746113495,148.6502169384511,148.9201646000381
2025-03-20 16:30:00,1742488200,148.78,148.807,148.719,148.75,2236,9,0,148.74018319063563,148.6953035381157,148.65928812586463,148.91847141993824
2025-03-20 17:00:00,1742490000,148.75,148.922,148.743,148.786,1936,9,0,148.7503647038277,148.70826017552776,148.67080738714967,148.9171532963568
2025-03-20 17:30:00,1742491800,148.788,148.858,148.743,148.763,1501,9,0,148.75317254742154,148.71608015045237,148.67918853377242,148.91561943271148
2025-03-20 18:00:00,1742493600,148.762,148.845,148.728,148.739,1788,9,0,148.750023092439,148.71935441467346,148.6846259397931,148.91386202542083
2025-03-20 18:30:00,1742495400,148.737,148.88,148.71,148.804,1751,9,0,148.7620179607859,148.7314466411487,148.69547812708464,148.91276887093903
2025-03-20 19:00:00,1742497200,148.801,148.856,148.758,148.768,1455,9,0,148.76334730283347,148.73666854955604,148.7020710246224,148.91132838466106
2025-03-20 19:30:00,1742499000,148.77,148.825,148.745,148.782,1560,9,0,148.76749234664825,148.74314447104805,148.70933729511125,148.91004153506245
2025-03-20 20:00:00,1742500800,148.767,148.813,148.761,148.79,492,9,0,148.77249404739308,148.7498381180412,148.71667026828297,148.9088470919275
2025-03-20 20:30:00,1742502600,148.789,148.794,148.743,148.769,507,9,0,148.77171759241685,148.7525755297496,148.72142751662088,148.907455578575
2025-03-20 21:00:00,1742504400,148.765,148.769,148.553,148.739,315,38,0,148.7644470163242,148.7506361683568,148.7230250151099,148.90577940366381
2025-03-20 21:30:00,1742506200,148.752,148.769,148.694,148.769,183,38,0,148.76545879047438,148.75325957287728,148.72720455919082,148.90441841457263
2025-03-20 22:00:00,1742508000,148.778,148.786,148.698,148.765,478,9,0,148.76535683703563,148.75493677675195,148.7306405083553,148.90303116666644
2025-03-20 22:30:00,1742509800,148.765,148.792,148.701,148.718,397,9,0,148.75483309547215,148.74966009435883,148.7294913712321,148.90119006053047
2025-03-20 23:00:00,1742511600,148.719,148.768,148.673,148.75,703,9,0,148.75375907425612,148.74970865230756,148.73135579202918,148.89968568181874
2025-03-20 23:30:00,1742513400,148.747,148.748,148.584,148.618,1323,9,0,148.7235903910881,148.73089313054936,148.72105072002654,148.8968828392136
2025-03-21 00:00:00,1742515200,148.62,149.0,148.588,148.885,2441,9,0,148.75945919306852,148.75290839761374,148.7359552000241,148.8967646020075
2025-03-21 00:30:00,1742517000,148.885,149.029,148.821,148.99,2428,9,0,148.81069048349775,148.7867786265261,148.75905018184008,148.89769231741042
2025-03-21 01:00:00,1742518800,148.988,149.185,148.947,149.166,1861,9,0,148.8896481538316,148.84095310845095,148.79604561985462,148.9003620455954
2025-03-21 01:30:00,1742520600,149.168,149.192,149.059,149.09,1517,9,0,148.93417078631347,148.8765312358151,148.82276874532238,148.90224899041536
2025-03-21 02:00:00,1742522400,149.09,149.097,148.929,148.996,1404,9,0,148.94791061157713,148.89359820212724,148.83851704120215,148.90318183628187
2025-03-21 02:30:00,1742524200,148.996,149.094,148.991,149.067,992,9,0,148.97437492011554,148.91836988753764,148.85928821927467,148.90481186776168
2025-03-21 03:00:00,1742526000,149.066,149.08,148.978,149.054,1120,9,0,148.99206938231208,148.93774561788942,148.8769892902497,148.90629632678895
2025-03-21 03:30:00,1742527800,149.056,149.248,149.049,149.208,1026,9,0,149.0400539640205,148.97635338676236,148.90708117295426,148.90929835338807
2025-03-21 04:00:00,1742529600,149.207,149.411,149.2,149.404,1370,9,0,149.12093086090482,149.03744576008202,148.9522556117766,148.91422075783197
2025-03-21 04:30:00,1742531400,149.404,149.479,149.345,149.411,1133,9,0,149.18539066959264,149.09081065149888,148.9939596470696,148.91916383486847
2025-03-21 05:00:00,1742533200,149.411,149.59,149.406,149.527,1357,9,0,149.26130385412762,149.1531234155705,149.04241786097236,148.92521195591456
2025-03-21 05:30:00,1742535000,149.527,149.633,149.517,149.551,1528,9,0,149.3256807754326,149.20996292763186,149.08865260088396,148.93143870262188
2025-03-21 06:00:00,1742536800,149.551,149.61,149.485,149.521,1537,9,0,149.36908504755868,149.25439679511302,149.12795690989452,148.93730498418785
2025-03-21 06:30:00,1742538600,149.522,149.578,149.434,149.568,1406,9,0,149.41328837032341,149.29919725295403,149.16796082717684,148.9435805564845
2025-03-21 07:00:00,1742540400,149.567,149.662,149.267,149.285,1678,9,0,149.38477984358488,149.29716907396062,149.17860075197893,148.94697776487772
2025-03-21 07:30:00,1742542200,149.284,149.352,149.243,149.309,2018,9,0,149.3679398783438,149.29885920625196,149.19045522907177,148.95057997617246
2025-03-21 08:00:00,1742544000,149.309,149.449,149.306,149.326,2407,9,0,149.3586199053785,149.30273646250168,149.20277748097433,148.95431549879763
2025-03-21 08:30:00,1742545800,149.329,149.531,149.256,149.477,2086,9,0,149.38492659307218,149.3276312535729,149.22770680088573,148.9595163396056
2025-03-21 09:00:00,1742547600,149.476,149.482,149.275,149.327,1839,9,0,149.3720540168339,149.32754107449105,149.23673345535065,148.9631728934404
2025-03-21 09:30:00,1742549400,149.326,149.428,149.291,149.381,1525,9,0,149.37404201309306,149.3351780638495,149.2498485957733,148.96733037708776
2025-03-21 10:00:00,1742551200,149.382,149.44,149.288,149.295,1749,9,0,149.3564771212946,149.32943834044244,149.2539532688848,148.9705907713456
2025-03-21 10:30:00,1742553000,149.295,149.295,149.192,149.194,1358,9,0,149.32037109434026,149.31009000609353,149.24850297171344,148.97281374874515
2025-03-21 11:00:00,1742554800,149.194,149.219,148.998,148.999,1519,9,0,149.24895529559797,149.2656485766516,149.22582088337586,148.97307430845916
2025-03-21 11:30:00,1742556600,149.0,149.02,148.852,148.884,1631,9,0,149.16785411879843,149.21112735141566,149.1947462576144,148.9721879969322
2025-03-21 12:00:00,1742558400,148.885,148.935,148.753,148.826,1979,9,0,149.09188653684322,149.1561091583563,149.16122387055856,148.97073338999755
2025-03-21 12:30:00,1742560200,148.829,148.89,148.633,148.669,2911,9,0,148.99791175087807,149.08652213573396,149.11647624596233,148.96773106770902
2025-03-21 13:00:00,1742562000,148.666,148.851,148.599,148.851,2594,9,0,148.9652646951274,149.0528761163434,149.09234204178395,148.96656956454777
2025-03-21 13:30:00,1742563800,148.848,148.901,148.745,148.866,3824,9,0,148.94320587398795,149.02617952829436,149.07176549253086,148.96556887236324
2025-03-21 14:00:00,1742565600,148.866,148.991,148.797,148.94,3538,9,0,148.9424934575462,149.01386816710945,149.0597868113917,148.9653144557228
2025-03-21 14:30:00,1742567400,148.942,148.984,148.765,148.868,2932,9,0,148.92593935586928,148.9930298575224,149.0423516467197,148.96434615268078
2025-03-21 15:00:00,1742569200,148.869,148.884,148.767,148.779,1967,9,0,148.8932861656761,148.96245416359065,149.018410587927,148.96250191235558
2025-03-21 15:30:00,1742571000,148.776,148.987,148.701,148.981,3249,9,0,148.9127781288592,148.965103568792,149.0150096253882,148.96268597292917
2025-03-21 16:00:00,1742572800,148.982,149.111,148.93,149.087,3216,9,0,148.9514941002238,148.98251734467885,149.02155420489834,148.96392292842242
2025-03-21 16:30:00,1742574600,149.088,149.252,149.004,149.234,2218,9,0,149.01427318906298,149.01844343829617,149.04086745899846,148.96661026246795
2025-03-21 17:00:00,1742576400,149.234,149.311,149.155,149.213,1856,9,0,149.05843470260453,149.0462372328253,149.05651587181677,148.96906190164736
2025-03-21 17:30:00,1742578200,149.215,149.294,149.169,149.223,1926,9,0,149.09500476869243,149.0714890567074,149.07165079256072,148.97158864889468
2025-03-21 18:00:00,1742580000,149.221,149.316,149.209,149.242,1664,9,0,149.12767037564967,149.09584776289208,149.08713708414612,148.97427930910467
2025-03-21 18:30:00,1742581800,149.243,149.28,149.17,149.21,1253,9,0,149.14596584772752,149.11215522533607,149.09830644013283,148.97662478861608
2025-03-21 19:00:00,1742583600,149.213,149.233,149.158,149.213,1149,9,0,149.1608623260103,149.12656162171663,149.10873312739346,148.97897678076916
2025-03-21 19:30:00,1742585400,149.212,149.342,149.206,149.33,1284,9,0,149.1984484757858,149.1556242471857,149.1288482976304,148.9824695491197
2025-03-21 20:00:00,1742587200,149.324,149.358,149.308,149.34,399,9,0,149.22990437005564,149.1819636404449,149.14804390693672,148.9860270660439
2025-03-21 20:30:00,1742589000,149.34,149.353,149.277,149.298,658,9,0,149.2450367322655,149.1985402632385,149.16167627903337,148.989131274342
2025-03-23 21:00:00,1742763600,149.32,149.348,149.304,149.337,229,38,0,149.26547301398426,149.21832022563302,149.17761479912124,148.9925926546968
2025-03-23 21:30:00,1742765400,149.337,149.384,149.288,149.368,207,38,0,149.28825678865442,149.2397030505426,149.19492254465567,148.9963280511675
2025-03-23 22:00:00,1742767200,149.38,149.604,149.375,149.603,967,9,0,149.358199724509,149.29160261475081,149.2320204951415,149.00236458797178
2025-03-23 22:30:00,1742769000,149.599,149.632,149.544,149.575,868,9,0,149.406377563507,149.3320879555007,149.26320045012864,149.0080624527681
2025-03-23 23:00:00,1742770800,149.573,149.603,149.499,149.562,1356,9,0,149.4409603271721,149.36493253328632,149.2903640455715,149.01357426915845
2025-03-23 23:30:00,1742772600,149.561,149.688,149.527,149.66,1420,9,0,149.48963581002272,149.40708502853113,149.32396731415588,149.02000636598274
2025-03-24 00:00:00,1742774400,149.66,149.714,149.45,149.615,2186,9,0,149.51749451890657,149.43678716731242,149.3504248310508,149.0259267006496
2025-03-24 00:30:00,1742776200,149.616,149.778,149.593,149.738,1898,9,0,149.56649573692732,149.47981757198207,149.38565893731888,149.03301200711078
2025-03-24 01:00:00,1742778000,149.735,149.863,149.679,149.859,1847,9,0,149.6314966842768,149.53398649027037,149.42868994301716,149.0412307931097
2025-03-24 01:30:00,1742779800,149.858,149.949,149.814,149.819,1354,9,0,149.67316408777086,149.57470270594604,149.46417267547014,149.04896979019318
2025-03-24 02:00:00,1742781600,149.816,149.841,149.743,149.77,1297,9,0,149.69468317937734,149.60260231938233,149.49197515951832,149.0561442201415
2025-03-24 02:30:00,1742783400,149.77,149.845,149.732,149.83,1086,9,0,149.72475358396017,149.63508770232772,149.5227046904712,149.06384427765255
2025-03-24 03:00:00,1742785200,149.83,149.908,149.814,149.866,962,9,0,149.75614167641345,149.66807517342377,149.55391335497382,149.07182592663113
2025-03-24 03:30:00,1742787000,149.866,149.868,149.732,149.808,982,9,0,149.76766574832158,149.68806443436324,149.57701214088527,149.07915104178903
2025-03-24 04:00:00,1742788800,149.807,149.823,149.752,149.755,997,9,0,149.76485113758343,149.69762665802563,149.59319285535025,149.08587590704488
2025-03-24 04:30:00,1742790600,149.755,149.773,149.706,149.764,773,9,0,149.76466199589822,149.70710856402198,149.60872077759115,149.09262341045738
2025-03-24 05:00:00,1742792400,149.766,149.863,149.763,149.763,1067,9,0,149.7642926634764,149.71509305487598,149.62274616144649,149.09929382428368
2025-03-24 05:30:00,1742794200,149.763,149.791,149.654,149.691,1277,9,0,149.7480054049261,149.7116511898937,149.62895105586043,149.10518144792263
2025-03-24 06:00:00,1742796000,149.69,149.78,149.564,149.614,1815,9,0,149.71822642605363,149.6977010199089,149.627591868964,149.1102443190876
2025-03-24 06:30:00,1742797800,149.611,149.666,149.531,149.658,1516,9,0,149.7048427758195,149.6920294456362,149.63035624451274,149.11569462437032
2025-03-24 07:00:00,1742799600,149.661,149.846,149.613,149.745,1915,9,0,149.71376660341517,149.69959666768818,149.6407784041025,149.1219563694015
2025-03-24 07:30:00,1742801400,149.743,149.795,149.642,149.643,1391,9,0,149.69804069154512,149.69151142944702,149.6409803673659,149.1271408831388
2025-03-24 08:00:00,1742803200,149.644,149.751,149.622,149.699,2051,9,0,149.69825387120176,149.69258122524033,149.64625487942354,149.13283102360506
2025-03-24 08:30:00,1742805000,149.696,149.716,149.524,149.619,1841,9,0,149.68064189982357,149.68206962163458,149.64377716311228,149.13766852585775
2025-03-24 09:00:00,1742806800,149.617,149.685,149.513,149.599,1674,9,0,149.6624992554183,149.67020253282965,149.63970651192022,149.14225888878454
2025-03-24 09:30:00,1742808600,149.601,149.711,149.529,149.565,1958,9,0,149.64083275421424,149.6551735995683,149.63291501083657,149.1464652680006
2025-03-24 10:00:00,1742810400,149.562,149.584,149.516,149.516,1447,9,0,149.61309214216664,149.6352916567728,149.62228637348778,149.15014223050807
2025-03-24 10:30:00,1742812200,149.514,149.622,149.487,149.602,1373,9,0,149.61062722168515,149.63053570580527,149.62044215771616,149.15463832771695
2025-03-24 11:00:00,1742814000,149.602,149.72,149.602,149.714,1378,9,0,149.63359895019954,149.64245917640451,149.6289474161056,149.16020411550087
2025-03-24 11:30:00,1742815800,149.714,149.798,149.677,149.747,1052,9,0,149.65879918348855,149.65739357977532,149.6396794691869,149.16604288052076
2025-03-24 12:00:00,1742817600,149.75,149.84,149.699,149.81,1563,9,0,149.69239936493554,149.6791944969503,149.65516315380626,149.17245041404794
2025-03-24 12:30:00,1742819400,149.811,149.865,149.779,149.821,1614,9,0,149.72097728383875,149.6994524259574,149.67023923073296,149.1789036437589
2025-03-24 13:00:00,1742821200,149.819,149.826,149.746,149.794,1396,9,0,149.73720455409682,149.7129592222492,149.68149020975724,149.18502400551256
2025-03-24 13:30:00,1742823000,149.792,150.253,149.748,150.237,3368,9,0,149.84827020874195,149.78782219049933,149.73199109977932,149.19549142834327
2025-03-24 14:00:00,1742824800,150.238,150.293,150.128,150.271,2869,9,0,149.94221016235485,149.85684759185656,149.7809919088903,149.2061930061707
2025-03-24 14:30:00,1742826600,150.271,150.538,150.259,150.468,2372,9,0,150.0590523484982,149.94415507873418,149.84344718990025,149.21874829964167
2025-03-24 15:00:00,1742828400,150.466,150.665,150.443,150.631,1996,9,0,150.18615182660972,150.04227578177216,149.9150428999093,149.23280055536665
2025-03-24 15:30:00,1742830200,150.632,150.753,150.576,150.735,2330,9,0,150.3081180873631,150.14123638437616,149.98958445446303,149.2477478135222
2025-03-24 16:00:00,1742832000,150.733,150.752,150.572,150.609,2220,9,0,150.37498073461575,150.2080597580367,150.04589495860273,149.2612926113976
2025-03-24 16:30:00,1742833800,150.608,150.621,150.524,150.569,1614,9,0,150.41809612692336,150.25962264974575,150.0934499623661,149.27430462521457
2025-03-24 17:00:00,1742835600,150.571,150.594,150.478,150.537,1783,9,0,150.44451920982928,150.29924798549638,150.13377269306008,149.28686875829703
2025-03-24 17:30:00,1742837400,150.539,150.635,150.525,150.603,1385,9,0,150.47973716320055,150.34264113042548,150.1764297209637,149.29996459154782
2025-03-24 18:00:00,1742839200,150.603,150.63,150.533,150.6,1273,9,0,150.50646223804486,150.37940668322184,150.214936109967,149.31290026725384
2025-03-24 18:30:00,1742841000,150.601,150.614,150.484,150.544,1983,9,0,150.5148039629238,150.40292001419016,150.2448510090609,149.32515001583837
2025-03-24 19:00:00,1742842800,150.547,150.578,150.503,150.575,1325,9,0,150.52818086005183,150.42750286930584,150.27486455369174,149.33758633408874
2025-03-24 19:30:00,1742844600,150.578,150.652,150.564,150.641,909,9,0,150.5532517800403,150.458002459405,150.30814959426522,149.35055562429682
2025-03-24 20:00:00,1742846400,150.635,150.7,150.63,150.666,514,9,0,150.57830694003135,150.4877163937757,150.340681449332,149.36364462306003
2025-03-24 20:30:00,1742848200,150.666,150.711,150.652,150.68,616,9,0,150.60090539780217,150.5151854803792,150.3715285903018,149.37674268651216
2025-03-24 21:00:00,1742850000,150.674,150.677,150.512,150.649,416,38,0,150.61159308717947,150.534301840325,150.3967532639107,149.38940196326328
2025-03-24 21:30:00,1742851800,150.652,150.673,150.585,150.641,316,38,0,150.61812795669513,150.5495444345643,150.4189575126461,149.40185567507163
2025-03-24 22:00:00,1742853600,150.67,150.752,150.652,150.683,506,9,0,150.63254396631845,150.56860951534082,150.44296137513282,149.41460337979728
2025-03-24 22:30:00,1742855400,150.682,150.737,150.667,150.718,538,9,0,150.65153419602547,150.5899510131493,150.4679648864844,149.4275725003963
2025-03-24 23:00:00,1742857200,150.726,150.821,150.656,150.766,759,9,0,150.67697104135314,150.61510086841366,150.49505898771307,149.44089018695954
2025-03-24 23:30:00,1742859000,150.769,150.859,150.674,150.775,1689,9,0,150.6987552543858,150.63794360149743,150.52050817064824,149.4541649114674
2025-03-25 00:00:00,1742860800,150.775,150.94,150.771,150.935,2183,9,0,150.7512540867445,150.68038022985493,150.55818924604384,149.46889958896523
2025-03-25 00:30:00,1742862600,150.932,150.939,150.816,150.931,1744,9,0,150.7911976230235,150.71618305416138,150.59208113276713,149.48344785176158
2025-03-25 01:00:00,1742864400,150.929,150.934,150.741,150.747,1553,9,0,150.78137592901828,150.7205854749955,150.60616466615193,149.496020509953
2025-03-25 01:30:00,1742866200,150.747,150.757,150.599,150.665,1409,9,0,150.75551461145866,150.71264469285327,150.61151333286537,149.50765214666993
2025-03-25 02:00:00,1742868000,150.667,150.693,150.579,150.635,1296,9,0,150.72873358669005,150.70155259387423,150.61364848442307,149.51886953824535
2025-03-25 02:30:00,1742869800,150.637,150.79,150.63,150.765,961,9,0,150.73679278964784,150.71061650903508,150.6274077131119,149.53126884632252
2025-03-25 03:00:00,1742871600,150.764,150.792,150.636,150.728,1136,9,0,150.73483883639278,150.71309986488723,150.63655246646536,149.54317661899591
2025-03-25 03:30:00,1742873400,150.727,150.744,150.596,150.62,1069,9,0,150.70931909497216,150.69979988418905,150.63504769678667,149.55389127950343
2025-03-25 04:00:00,1742875200,150.617,150.657,150.533,150.584,928,9,0,150.68147040720058,150.68325704359063,150.63040699707878,149.56414111751835
2025-03-25 04:30:00,1742877000,150.583,150.588,150.507,150.557,956,9,0,150.65381031671154,150.66522032307768,150.62373363370799,149.57402031037887
2025-03-25 05:00:00,1742878800,150.556,150.566,150.424,150.461,1140,9,0,150.61096357966454,150.63604599120947,150.60893966700726,149.5828459789323
2025-03-25 05:30:00,1742880600,150.459,150.477,150.422,150.427,795,9,0,150.5700827841835,150.60618227817955,150.59239969727932,149.5912455214305
2025-03-25 06:00:00,1742882400,150.429,150.566,150.413,150.553,1282,9,0,150.5662866099205,150.59858480986819,150.58881790661755,149.6008152177347
2025-03-25 06:30:00,1742884200,150.55,150.573,150.432,150.543,1301,9,0,150.56111180771595,150.59064412274418,150.58465264237958,149.61019019069258
2025-03-25 07:00:00,1742886000,150.544,150.676,150.534,150.667,1562,9,0,150.5846425171124,150.6015521052093,150.5921387657996,149.6207057111832
2025-03-25 07:30:00,1742887800,150.666,150.74,150.621,150.718,1383,9,0,150.61427751330964,150.6181875187508,150.60358069618147,149.63162406231572
2025-03-25 08:00:00,1742889600,150.719,150.762,150.591,150.622,1977,9,0,150.61599362146308,150.61873215892928,150.6052551783468,149.64147854925787
2025-03-25 08:30:00,1742891400,150.62,150.653,150.545,150.623,1504,9,0,150.61755059447128,150.6193418505108,150.60686834395165,149.65124493185232
2025-03-25 09:00:00,1742893200,150.623,150.667,150.529,150.609,1320,9,0,150.61565046236655,150.617864443295,150.60706213086513,149.66077483302792
2025-03-25 09:30:00,1742895000,150.611,150.634,150.4,150.487,1517,9,0,150.58706147072954,150.59916952282427,150.59614739169555,149.66899597896793
2025-03-25 10:00:00,1742896800,150.487,150.501,150.302,150.344,1803,9,0,150.53304781056744,150.56271673384938,150.5732249015414,149.67571243688866
2025-03-25 10:30:00,1742898600,150.344,150.401,150.173,150.204,1686,9,0,150.4599260748858,150.5114714861566,150.53965900140128,149.68096902955645
2025-03-25 11:00:00,1742900400,150.204,150.258,150.068,150.132,1761,9,0,150.38705361380008,150.45726127384853,150.50259909218298,149.68545689990913
2025-03-25 11:30:00,1742902200,150.132,150.203,150.055,150.176,1331,9,0,150.3401528107334,150.4170810918702,150.4729082656209,149.69033792578068
2025-03-25 12:00:00,1742904000,150.17,150.171,150.058,150.083,1453,9,0,150.28300774168153,150.36935522160303,150.43746205965536,149.6942450110963
2025-03-25 12:30:00,1742905800,150.083,150.083,149.859,149.962,1823,9,0,150.21167268797453,150.3111616185169,150.3942382360503,149.69690923984163
2025-03-25 13:00:00,1742907600,149.965,149.976,149.771,149.79,1922,9,0,150.1179676462024,150.23670995872877,150.33930748731848,149.6978355160621
2025-03-25 13:30:00,1742909400,149.793,149.848,149.713,149.791,2812,9,0,150.04530816926854,150.1730371074818,150.2894613521077,149.69876252585254
2025-03-25 14:00:00,1742911200,149.78,149.866,149.662,149.798,3206,9,0,149.99035079831998,150.11946037784156,150.24478304737065,149.69974996340625
2025-03-25 14:30:00,1742913000,149.801,149.834,149.667,149.72,2508,9,0,149.93027284313774,150.0623946095785,150.1970754976097,149.69995145630767
2025-03-25 15:00:00,1742914800,149.722,149.804,149.553,149.554,2330,9,0,149.8466566557738,149.98976680821013,150.13861408873606,149.69849920301107
2025-03-25 15:30:00,1742916600,149.555,149.774,149.543,149.761,2409,9,0,149.82762184337963,149.9570858356087,150.1042855352146,149.6991211014886
2025-03-25 16:00:00,1742918400,149.759,149.824,149.716,149.754,1747,9,0,149.81126143373973,149.92807357337887,150.07244139564963,149.69966716018027
2025-03-25 16:30:00,1742920200,149.755,149.774,149.699,149.773,1269,9,0,149.80275889290868,149.90592020575332,150.04521945059057,149.70039684017848
2025-03-25 17:00:00,1742922000,149.773,149.854,149.728,149.744,1559,9,0,149.7897013611512,149.88278874778857,150.01783586417324,149.70083070246528
2025-03-25 17:30:00,1742923800,149.744,149.783,149.724,149.745,1144,9,0,149.7797677253398,149.86310464096164,149.99303260379386,149.70127019796317
2025-03-25 18:00:00,1742925600,149.744,149.817,149.707,149.812,790,9,0,149.78693045304206,149.85580397796713,149.97657509435805,149.70237198703816
2025-03-25 18:30:00,1742927400,149.812,149.856,149.77,149.841,1235,9,0,149.79894590792162,149.85368912397183,149.96425008578007,149.70375137025172
2025-03-25 19:00:00,1742929200,149.842,149.913,149.842,149.887,973,9,0,149.81851348393903,149.8584478205473,149.95722735070916,149.70557473970197
2025-03-25 19:30:00,1742931000,149.887,149.937,149.852,149.852,1065,9,0,149.82595493195257,149.85752670332627,149.94766122791742,149.70703170746614
2025-03-25 20:00:00,1742932800,149.855,149.932,149.837,149.893,475,9,0,149.84085383596312,149.8625943171368,149.94269202537944,149.70888213823764
2025-03-25 20:30:00,1742934600,149.889,149.915,149.88,149.892,444,9,0,149.85221965019355,149.8667951289744,149.93808365943588,149.7107042065139
2025-03-25 21:00:00,1742936400,149.885,149.887,149.777,149.866,364,38,0,149.85528195015053,149.86668153912092,149.93153059948716,149.7122494382899
2025-03-25 21:30:00,1742938200,149.821,149.89,149.805,149.86,240,38,0,149.85633040567262,149.86572703353224,149.9250278177156,149.71371959313277
2025-03-25 22:00:00,1742940000,149.882,149.943,149.875,149.921,439,9,0,149.87070142663427,149.8736231715991,149.92466165246873,149.71578208474338
2025-03-25 22:30:00,1742941800,149.921,149.975,149.919,149.934,391,9,0,149.8847677762711,149.88224843279923,149.92551059315338,149.71795340728326
2025-03-25 23:00:00,1742943600,149.957,149.992,149.916,149.977,634,9,0,149.90526382598864,149.89578437097077,149.93019144832124,149.72053098532024
2025-03-25 23:30:00,1742945400,149.979,150.005,149.926,149.938,851,9,0,149.91253853132451,149.90181517511783,149.93090131665568,149.72269485611307
2025-03-26 00:00:00,1742947200,149.939,150.026,149.836,149.991,2164,9,0,149.9299744132524,149.91455586438673,149.93636483332332,149.72536455903733
2025-03-26 00:30:00,1742949000,149.987,150.192,149.938,150.169,1977,9,0,149.98309121030744,149.9509050266172,149.95751348483938,149.729778842032
2025-03-26 01:00:00,1742950800,150.17,150.276,150.092,150.237,1905,9,0,150.0395153857947,149.99177573710045,149.982921349854,149.7348258187282
2025-03-26 01:30:00,1742952600,150.238,150.276,150.047,150.074,1516,9,0,150.04717863339587,150.00352206037184,149.99120122714,149.73820068620356
2025-03-26 02:00:00,1742954400,150.072,150.2,150.05,150.137,978,9,0,150.06713893708567,150.02259033746157,150.00445566103636,149.74216883857966
2025-03-26 02:30:00,1742956200,150.137,150.274,150.123,150.258,1127,9,0,150.10955250662218,150.05622028925276,150.0275051463967,149.747301486952
2025-03-26 03:00:00,1742958000,150.258,150.413,150.233,150.412,1254,9,0,150.17676306070615,150.10704596221666,150.062459223997,149.75391540250473
2025-03-26 03:30:00,1742959800,150.411,150.467,150.364,150.429,855,9,0,150.23281571388256,150.15303939618573,150.09578111272455,149.7606326621813
2025-03-26 04:00:00,1742961600,150.427,150.514,150.426,150.502,1066,9,0,150.29263444413087,150.20289091101637,150.13271010247684,149.76800945161233
2025-03-26 04:30:00,1742963400,150.502,150.545,150.473,150.538,965,9,0,150.34716012321292,150.25076363801404,150.1695546386153,149.77567104910875
2025-03-26 05:00:00,1742965200,150.537,150.621,150.522,150.582,1172,9,0,150.39934676249894,150.29808311829774,150.20704967146847,149.7836942227495
2025-03-26 05:30:00,1742967000,150.581,150.593,150.447,150.466,1413,9,0,150.4141585930547,150.32207124425523,150.23059061042588,149.79048333496092
2025-03-26 06:00:00,1742968800,150.469,150.606,150.441,150.528,1296,9,0,150.43945668348698,150.35148963793304,150.2576278276599,149.7978218092399
2025-03-26 06:30:00,1742970600,150.528,150.578,150.434,150.441,1278,9,0,150.4397996427121,150.36427683251404,150.27429802514533,149.80422159223255
2025-03-26 07:00:00,1742972400,150.44,150.586,150.414,150.468,1727,9,0,150.44606638877607,150.37909442786918,150.29190729558664,149.81082635250885
2025-03-26 07:30:00,1742974200,150.467,150.517,150.361,150.391,1488,9,0,150.4338294134925,150.38079522388787,150.30091572326057,149.8165992246232
2025-03-26 08:00:00,1742976000,150.394,150.407,150.145,150.253,2365,9,0,150.39364509938306,150.36253876333245,150.29655974841867,149.8209415208956
2025-03-26 08:30:00,1742977800,150.254,150.255,150.089,150.118,1542,9,0,150.3323906328535,150.32760465428498,150.28032704401696,149.82389732665783
2025-03-26 09:00:00,1742979600,150.121,150.133,150.044,150.094,1522,9,0,150.27941493666384,150.29423256081571,150.2633882218336,149.82658491544728
2025-03-26 09:30:00,1742981400,150.094,150.191,150.08,150.109,1282,9,0,150.24154495073856,150.26777076641346,150.24935292893963,149.8293950157911
2025-03-26 10:00:00,1742983200,150.109,150.126,150.014,150.114,1071,9,0,150.2132016283522,150.24580351406868,150.23704811721785,149.83222690618126
2025-03-26 10:30:00,1742985000,150.111,150.223,150.106,150.182,912,9,0,150.20626793316285,150.2366887263446,150.2320437429253,149.83570723547302
2025-03-26 11:00:00,1742986800,150.182,150.207,150.134,150.174,867,9,0,150.19909728134888,150.22773319400966,150.226767039023,149.83907333263252
2025-03-26 11:30:00,1742988600,150.175,150.268,150.13,150.206,1058,9,0,150.2006312188269,150.2246284520083,150.22487912638454,149.84272434424813
2025-03-26 12:00:00,1742990400,150.206,150.315,150.109,150.129,1632,9,0,150.1847131701987,150.21096724457854,150.21616284216776,149.84557285823573
2025-03-26 12:30:00,1742992200,150.127,150.435,150.127,150.392,2713,9,0,150.23077691015453,150.2368290667816,150.23214803833432,149.85100994422345
2025-03-26 13:00:00,1742994000,150.39,150.443,150.301,150.436,2549,9,0,150.2763820412313,150.2652820572414,150.25068003484935,149.85683074079836
2025-03-26 13:30:00,1742995800,150.439,150.548,150.348,150.399,2757,9,0,150.30363047651323,150.28438462049263,150.26416366804486,149.86222545979538
2025-03-26 14:00:00,1742997600,150.397,150.52,150.373,150.493,2879,9,0,150.34571259284363,150.31418681756512,150.28496697094985,149.86850182337952
2025-03-26 14:30:00,1742999400,150.494,150.591,150.43,150.554,2015,9,0,150.3919986833228,150.34844584362725,150.3094245190453,149.87532270075883
2025-03-26 15:00:00,1743001200,150.557,150.743,150.544,150.659,1790,9,0,150.4513323092511,150.39281072310905,150.341204108223,149.8831204848309
2025-03-26 15:30:00,1743003000,150.658,150.71,150.561,150.677,2498,9,0,150.50148068497305,150.43340919123634,150.37173100747546,149.8910197834893
2025-03-26 16:00:00,1743004800,150.676,150.676,150.401,150.486,2718,9,0,150.49804053275682,150.44092216391687,150.38211909770496,149.89693998464864
2025-03-26 16:30:00,1743006600,150.484,150.593,150.476,150.567,1628,9,0,150.51336485881086,150.45893328335734,150.39892645245905,149.90360724848298
2025-03-26 17:00:00,1743008400,150.565,150.717,150.537,150.54,2544,9,0,150.51928377907512,150.47051424287773,150.41175132041732,149.90993951466726
2025-03-26 17:30:00,1743010200,150.54,150.551,150.31,150.418,3113,9,0,150.496776272614,150.4630122081809,150.41231938219755,149.91499484287954
2025-03-26 18:00:00,1743012000,150.421,150.595,150.38,150.587,1925,9,0,150.51682598981088,150.48072474986935,150.42819943836142,149.92168146135836
2025-03-26 18:30:00,1743013800,150.584,150.599,150.43,150.453,1749,9,0,150.50264243651958,150.4767640713166,150.430454034874,149.92696821298662
2025-03-26 19:00:00,1743015600,150.451,150.581,150.44,150.547,1375,9,0,150.51249967284855,150.48679777541423,150.44104912261272,149.93313768350419
2025-03-26 19:30:00,1743017400,150.546,150.597,150.5,150.573,1380,9,0,150.5259441899933,150.4991123789265,150.45304465692064,149.93950447272306
2025-03-26 20:00:00,1743019200,150.565,150.574,150.498,150.527,435,9,0,150.52617881443925,150.50309632479414,150.45976786992784,149.94535019936265
2025-03-26 20:30:00,1743021000,150.526,150.564,150.362,150.398,528,9,0,150.49769463345274,150.48808256410928,150.4541526090253,149.94985417747844
2025-03-26 21:00:00,1743022800,150.398,150.537,150.312,150.514,490,38,0,150.50131804824102,150.49178505495084,150.4595932809321,149.95546756874734
2025-03-26 21:30:00,1743024600,150.514,150.54,150.441,150.455,328,38,0,150.4910251486319,150.4865300471007,150.45917570993828,149.96043804070013
2025-03-26 22:00:00,1743026400,150.509,150.593,150.317,150.339,1389,9,0,150.45724178226925,150.46545432608633,150.44825064539845,149.9642048263648
2025-03-26 22:30:00,1743028200,150.335,150.429,150.297,150.305,1335,9,0,150.42341027509832,150.4425322795026,150.4352278594531,149.9675958231174
2025-03-26 23:00:00,1743030000,150.307,150.427,150.283,150.394,1256,9,0,150.4168746584098,150.43559909671652,150.4314798722301,149.97183865074808
2025-03-26 23:30:00,1743031800,150.393,150.485,150.298,150.469,2018,9,0,150.42845806765206,150.44037065432843,150.43489079293647,149.97678552984513
2025-03-27 00:00:00,1743033600,150.466,150.619,150.392,150.562,2230,9,0,150.45813405261828,150.45774627513867,150.4464461753968,149.9826085593989
2025-03-27 00:30:00,1743035400,150.562,150.57,150.405,150.478,1875,9,0,150.462548707592,150.4606396644046,150.4493147049062,149.9875378274646
2025-03-27 01:00:00,1743037200,150.477,150.477,150.18,150.185,1803,9,0,150.400871217016,150.42126256948967,150.42528609536924,149.98950262520125
2025-03-27 01:30:00,1743039000,150.184,150.209,150.082,150.12,2091,9,0,150.33845539101245,150.37822505956257,150.39753281397205,149.99080110654253
2025-03-27 02:00:00,1743040800,150.12,150.279,150.117,150.231,1674,9,0,150.3145764152319,150.3571929081965,150.3823934672473,149.99319114528342
2025-03-27 02:30:00,1743042600,150.229,150.241,150.125,150.174,1116,9,0,150.28333721184703,150.33102249273986,150.36344860658846,149.9949902383652
2025-03-27 03:00:00,1743044400,150.174,150.192,150.102,150.13,973,9,0,150.24926227588102,150.30230499377703,150.34222600598952,149.996333619078
2025-03-27 03:30:00,1743046200,150.129,150.256,150.112,150.15,1215,9,0,150.22720399235192,150.28054713752317,150.3247509145359,149.99786263779365
2025-03-27 04:00:00,1743048000,150.15,150.183,150.055,150.073,1203,9,0,150.19293643849593,150.25089754644844,150.3018644677599,149.99861027323848
2025-03-27 04:30:00,1743049800,150.072,150.214,150.069,150.193,1047,9,0,150.19295056327462,150.24262646838437,150.29196769796354,150.00054449937542
2025-03-27 05:00:00,1743051600,150.193,150.264,150.134,150.226,1023,9,0,150.20029488254693,150.2402512586152,150.28597063451232,150.0027878376901
2025-03-27 05:30:00,1743053400,150.226,150.291,150.186,150.238,1456,9,0,150.2086737975365,150.2399296502416,150.28160966773845,150.00512825721557
2025-03-27 06:00:00,1743055200,150.237,150.33,150.152,150.318,1635,9,0,150.23296850919508,150.25108255734995,150.28491787976222,150.00824140888508
2025-03-27 06:30:00,1743057000,150.316,150.447,150.286,150.387,1477,9,0,150.26719772937395,150.2704993348714,150.2941980725111,150.01201015108524
2025-03-27 07:00:00,1743058800,150.387,150.456,150.307,150.422,1729,9,0,150.30159823395752,150.29214228703265,150.30581642955553,150.01608965206947
2025-03-27 07:30:00,1743060600,150.422,150.544,150.275,150.53,2219,9,0,150.35235418196697,150.3261219603137,150.3261967541414,150.0212031878698
2025-03-27 08:00:00,1743062400,150.53,150.605,150.488,150.535,2477,9,0,150.3929421415299,150.3559616802689,150.34517886740127,150.02631559396065
2025-03-27 08:30:00,1743064200,150.537,150.628,150.518,150.624,1930,9,0,150.44428833230103,150.3942528688019,150.37052624309206,150.03226270247845
2025-03-27 09:00:00,1743066000,150.626,150.85,150.594,150.839,1697,9,0,150.53200203623413,150.4577881732588,150.4131147664473,150.0402899392697
2025-03-27 09:30:00,1743067800,150.843,150.926,150.831,150.923,1216,9,0,150.61889047262656,150.52424700565038,150.45946796949752,150.04907312395358
2025-03-27 10:00:00,1743069600,150.923,150.959,150.878,150.933,1400,9,0,150.68869258982068,150.5826402905575,150.50251633590682,150.05786841625257
2025-03-27 10:30:00,1743071400,150.934,150.978,150.922,150.922,1095,9,0,150.74053868097164,150.63112024904927,150.54065121446075,150.06646674046897
2025-03-27 11:00:00,1743073200,150.923,150.975,150.817,150.893,1418,9,0,150.77441897408906,150.66853164204224,150.57268292223702,150.0746909520066
2025-03-27 11:30:00,1743075000,150.894,151.023,150.892,151.02,1171,9,0,150.82899253540262,150.7187414074648,150.61334811112454,150.08409701218562
2025-03-27 12:00:00,1743076800,151.023,151.089,150.78,150.837,1932,9,0,150.8307719719798,150.7356354921127,150.6336801010223,150.0915885842037
2025-03-27 12:30:00,1743078600,150.844,150.924,150.667,150.725,2988,9,0,150.80726708931763,150.7341161360966,150.64198191002023,150.0978911853559
2025-03-27 13:00:00,1743080400,150.722,150.895,150.644,150.786,2285,9,0,150.80254106946927,150.74152811665422,150.65507446365473,150.10473803923296
2025-03-27 13:30:00,1743082200,150.783,150.876,150.577,150.873,3916,9,0,150.81819860958723,150.76030981427508,150.67488587604973,150.11238243685256
2025-03-27 14:00:00,1743084000,150.871,150.96,150.763,150.935,3356,9,0,150.8441544741234,150.7852655550929,150.69853261459065,150.1205676862371
2025-03-27 14:30:00,1743085800,150.938,151.057,150.856,151.008,2833,9,0,150.88056459098487,150.8170847615082,150.72666601326424,150.12939785851336
2025-03-27 15:00:00,1743087600,151.009,151.032,150.882,150.905,2392,9,0,150.88599468187712,150.82964408129274,150.74287819387658,150.137115292757
2025-03-27 15:30:00,1743089400,150.906,150.993,150.654,150.964,3252,9,0,150.90332919701555,150.84883778396522,150.76298017625143,150.1453430012868
2025-03-27 16:00:00,1743091200,150.965,151.091,150.909,150.964,2001,9,0,150.91681159767876,150.86528952911306,150.7812547056831,150.15348884207003
2025-03-27 16:30:00,1743093000,150.96,151.155,150.952,151.008,2143,9,0,150.93707568708348,150.88567673923976,150.80186791425737,150.1619914406564
2025-03-27 17:00:00,1743094800,151.005,151.14,150.96,151.041,2123,9,0,150.9601699788427,150.90786577649124,150.8236071947794,150.17073779448071
2025-03-27 17:30:00,1743096600,151.04,151.135,151.039,151.073,1934,9,0,150.98524331687767,150.93145637984964,150.8462792679813,150.17971552786898
2025-03-27 18:00:00,1743098400,151.073,151.143,151.065,151.088,1355,9,0,151.0080781353493,150.95381975415685,150.86825387998297,150.1887531843081
2025-03-27 18:30:00,1743100200,151.085,151.139,151.033,151.108,1230,9,0,151.0302829941606,150.97584550356305,150.8900489818027,150.1978999187926
2025-03-27 19:00:00,1743102000,151.107,151.145,151.076,151.123,1099,9,0,151.05088677323602,150.99686757448262,150.91122634709336,150.20710489472498
2025-03-27 19:30:00,1743103800,151.123,151.123,151.016,151.037,1167,9,0,151.04780082362802,151.00260077812797,150.92266031553942,150.21536255746406
2025-03-27 20:00:00,1743105600,151.031,151.05,151.019,151.033,436,9,0,151.04451175171067,151.0069435241097,150.93269119594493,150.2234982534097
2025-03-27 20:30:00,1743107400,151.027,151.058,151.027,151.032,389,9,0,151.04173136244162,151.01052302066546,150.94171926904085,150.23154304690814
2025-03-27 21:00:00,1743109200,151.024,151.024,150.914,150.996,145,38,0,151.0315688374546,151.00844830342754,150.94665388094623,150.23914958375482
2025-03-27 21:30:00,1743111000,151.008,151.036,150.981,151.014,264,38,0,151.02766465135358,151.0092414029379,150.95277625540567,150.24685953814532
2025-03-27 22:00:00,1743112800,151.037,151.111,151.006,151.089,396,9,0,151.04129472883056,151.0206354882325,150.96516023218697,150.25523904522848
2025-03-27 22:30:00,1743114600,151.089,151.098,151.019,151.048,402,9,0,151.04278478909043,151.0245447041993,150.97269112016997,150.26312721393268
2025-03-27 23:00:00,1743116400,151.048,151.063,150.953,151.0,902,9,0,151.03327705818145,151.0210383178851,150.97517374560906,150.27045928145574
2025-03-27 23:30:00,1743118200,151.004,151.008,150.763,150.848,2117,9,0,150.99210437858557,150.99631855818723,150.9636124960082,150.2762059552721
2025-03-28 00:00:00,1743120000,150.846,151.103,150.826,151.039,2272,9,0,151.00252562778877,151.00241590701762,150.97046590546202,150.2837959457669
2025-03-28 00:30:00,1743121800,151.037,151.209,150.921,150.959,2410,9,0,150.99285326605792,150.99621363458652,150.96942355042,150.29051439406777
2025-03-28 01:00:00,1743123600,150.957,150.974,150.816,150.866,2288,9,0,150.96466365137837,150.97761168678846,150.96002140947274,150.29624061900242
2025-03-28 01:30:00,1743125400,150.866,150.915,150.699,150.749,2145,9,0,150.91673839551652,150.9449528743901,150.94083764497523,150.30074568747006
2025-03-28 02:00:00,1743127200,150.751,150.828,150.733,150.819,1573,9,0,150.89501875206838,150.9269596066201,150.92976149543202,150.3059024467987
2025-03-28 02:30:00,1743129000,150.821,150.855,150.777,150.829,1132,9,0,150.88034791827542,150.91296537710295,150.92060135948364,150.31110739757685
2025-03-28 03:00:00,1743130800,150.83,150.833,150.712,150.83,1173,9,0,150.86915949199198,150.90111318037395,150.91236487225785,150.31627050804872
2025-03-28 03:30:00,1743132600,150.831,150.865,150.769,150.803,1153,9,0,150.85445738266043,150.8870970117491,150.9024226111435,150.32111358757064
2025-03-28 04:00:00,1743134400,150.802,150.933,150.749,150.898,1118,9,0,150.864133519847,150.88865458149922,150.90202055558498,150.3268537508784
2025-03-28 04:30:00,1743136200,150.898,150.94,150.829,150.87,852,9,0,150.86543718210322,150.88598964128505,150.89910959598635,150.33225819116817
2025-03-28 05:00:00,1743138000,150.869,150.935,150.803,150.887,1078,9,0,150.87022891941362,150.88613397824432,150.89800872362395,150.33777801016151
2025-03-28 05:30:00,1743139800,150.889,150.901,150.735,150.765,1149,9,0,150.84684471509948,150.86882912420944,150.88591702147633,150.34202897523454
2025-03-28 06:00:00,1743141600,150.764,150.842,150.732,150.737,1212,9,0,150.8224347784107,150.84999639217952,150.87237911043303,150.34595903518246
2025-03-28 06:30:00,1743143400,150.735,150.738,150.606,150.611,1386,9,0,150.7754492720972,150.81585405043958,150.84861737312093,150.34859625871297
2025-03-28 07:00:00,1743145200,150.613,150.649,150.501,150.515,1502,9,0,150.71757165607562,150.7728749003768,150.818288521019,150.35025201733274
2025-03-28 07:30:00,1743147000,150.515,150.518,150.38,150.392,1944,9,0,150.64522239916994,150.71846420032298,150.77953501910818,150.35066742014536
2025-03-28 08:00:00,1743148800,150.392,150.496,150.355,150.453,2357,9,0,150.60250631046551,150.680540743134,150.74985001737107,150.35168565477076
2025-03-28 08:30:00,1743150600,150.452,150.544,150.398,150.528,1599,9,0,150.5859493525843,150.65874920840056,150.7296818339737,150.35344002636506
2025-03-28 09:00:00,1743152400,150.528,150.63,150.494,150.619,1279,9,0,150.5932939408989,150.65307075005762,150.719619849067,150.35608241416242
2025-03-28 09:30:00,1743154200,150.618,150.653,150.56,150.578,1141,9,0,150.5898952873658,150.64234635719225,150.7067453173336,150.35829054934487
2025-03-28 10:00:00,1743156000,150.578,150.715,150.559,150.682,1237,9,0,150.6103630012845,150.64801116330767,150.70449574303055,150.36151153890364
2025-03-28 10:30:00,1743157800,150.683,150.729,150.667,150.712,1039,9,0,150.63294900099905,150.6571524256923,150.70517794820958,150.36499898627775
2025-03-28 11:00:00,1743159600,150.712,150.842,150.68,150.801,1180,9,0,150.6702936674437,150.67770207916485,150.71388904382687,150.36933730482224
2025-03-28 11:30:00,1743161400,150.803,150.863,150.771,150.799,1234,9,0,150.69889507467843,150.69503035356988,150.72162640347898,150.37361255552054
2025-03-28 12:00:00,1743163200,150.801,150.852,150.716,150.813,1349,9,0,150.72425172474988,150.71188316020277,150.72993309407178,150.37798456989347
2025-03-28 12:30:00,1743165000,150.806,150.933,150.558,150.634,4182,9,0,150.70419578591657,150.70075699445954,150.7212119037016,150.38053198710847
2025-03-28 13:00:00,1743166800,150.637,150.78,150.486,150.586,5120,9,0,150.6779300557129,150.68436313810818,150.708919912456,150.3825764449482
2025-03-28 13:30:00,1743168600,150.584,150.646,150.385,150.44,4115,9,0,150.62505670999892,150.64945411837846,150.68447264768727,150.38314782360544
2025-03-28 14:00:00,1743170400,150.443,150.443,149.937,149.965,4360,9,0,150.47837744111027,150.5516749586101,150.61906604335206,150.3789871487437
2025-03-28 14:30:00,1743172200,149.969,150.184,149.903,150.093,4370,9,0,150.39273800975243,150.48614996452295,150.57124185759278,150.37614150547265
2025-03-28 15:00:00,1743174000,150.094,150.226,149.994,150.209,3866,9,0,150.35190734091856,150.44655711244826,150.5383107796298,150.3744784059157
2025-03-28 15:30:00,1743175800,150.207,150.327,150.159,150.254,2617,9,0,150.33015015404777,150.4190489535271,150.512464345118,150.37327961580712
2025-03-28 16:00:00,1743177600,150.252,150.291,150.028,150.028,2704,9,0,150.2630056753705,150.36318481730896,150.46842213192545,150.3698439977394
2025-03-28 16:30:00,1743179400,150.03,150.184,150.029,150.087,2542,9,0,150.22389330306595,150.3237298434077,150.43374739265948,150.36702962960268
2025-03-28 17:00:00,1743181200,150.084,150.108,149.936,149.947,2163,9,0,150.1623614579402,150.26991129434947,150.38949762969045,150.36285023030317
2025-03-28 17:30:00,1743183000,149.949,149.987,149.855,149.979,1920,9,0,150.12161446728683,150.22835253801384,150.35217966335497,150.35903082502654
2025-03-28 18:00:00,1743184800,149.979,150.132,149.976,150.019,1715,9,0,150.0988112523342,150.1984450325833,150.32189060304998,150.35564743373274
2025-03-28 18:30:00,1743186600,150.019,150.043,149.909,149.96,1614,9,0,150.06796430737106,150.16438145649997,150.28899145731816,150.35171064334736
2025-03-28 19:00:00,1743188400,149.957,150.0,149.875,149.879,1398,9,0,150.0259722390664,150.12361267699998,150.25171950665288,150.34700705485633
2025-03-28 19:30:00,1743190200,149.877,149.885,149.74,149.75,1593,9,0,149.9646450748294,150.07023943742857,150.20610864241172,150.34106668615132
2025-03-28 20:00:00,1743192000,149.747,149.759,149.671,149.726,767,9,0,149.91161283597842,150.02106237493877,150.16246240219246,150.33494661962246
2025-03-28 20:30:00,1743193800,149.725,149.878,149.715,149.82,713,9,0,149.8912544279832,149.99233917851893,150.1313294565386,150.32982277266106
2025-03-30 21:00:00,1743368400,149.763,149.817,149.553,149.553,331,61,0,149.81608677732027,149.92957643873052,150.0787540513987,150.32209319283362
2025-03-30 21:30:00,1743370200,149.554,149.701,149.537,149.599,537,38,0,149.7678452712491,149.8823512331976,150.03514004672607,150.314898235691
2025-03-30 22:00:00,1743372000,149.634,149.73,149.542,149.586,1328,9,0,149.72743521097152,149.8400153427408,149.99430913338733,150.30764551692792
2025-03-30 22:30:00,1743373800,149.587,149.601,149.39,149.474,1153,9,0,149.67111627520006,149.78772743663498,149.9470083030794,150.29935053666
2025-03-30 23:00:00,1743375600,149.48,149.491,149.315,149.384,1935,9,0,149.60731265848892,149.73005208854428,149.89582573007218,150.29024257112113
2025-03-30 23:30:00,1743377400,149.383,149.621,149.297,149.616,2968,9,0,149.60924317882473,149.71375893303798,149.87038702733832,150.28353368981644
2025-03-31 00:00:00,1743379200,149.613,149.633,149.067,149.174,3376,9,0,149.51252247241922,149.63665051403257,149.8070791157621,150.27249355359936
2025-03-31 00:30:00,1743381000,149.177,149.505,149.062,149.297,4531,9,0,149.46462858965938,149.58812901202793,149.76070828705645,150.26278715008095
2025-03-31 01:00:00,1743382800,149.299,149.374,149.025,149.066,3967,9,0,149.37604445862397,149.5135391531668,149.69755298823313,150.25087882022942
2025-03-31 01:30:00,1743384600,149.066,149.183,149.021,149.152,2977,9,0,149.32625680115197,149.4618907027144,149.6479572620301,150.23994470261522
2025-03-31 02:00:00,1743386400,149.155,149.193,148.79,148.817,2788,9,0,149.2130886231182,149.3697634594695,149.57241569275465,150.22578604885786
2025-03-31 02:30:00,1743388200,148.818,148.945,148.719,148.889,2533,9,0,149.14106892909194,149.30108296525958,149.5102869934133,150.21248469513787
2025-03-31 03:00:00,1743390000,148.886,148.915,148.728,148.811,1777,9,0,149.0677202781826,149.23107111307965,149.44671544855754,150.19853957379323
2025-03-31 03:30:00,1743391800,148.813,148.948,148.812,148.922,1536,9,0,149.03533799414203,149.1869180969254,149.39901404414323,150.1858376874868
2025-03-31 04:00:00,1743393600,148.919,149.0,148.83,148.978,1578,9,0,149.02259621766603,149.1570726545075,149.3607400401302,150.1738194020392
2025-03-31 04:30:00,1743395400,148.978,149.142,148.953,149.079,1730,9,0,149.03513039151804,149.14591941814928,149.33512730920927,150.16292567664576
2025-03-31 05:00:00,1743397200,149.077,149.243,149.065,149.157,1877,9,0,149.06221252673626,149.14750235841367,149.31893391746297,150.15291646593286
2025-03-31 05:30:00,1743399000,149.156,149.156,148.946,149.04,1983,9,0,149.05727640968377,149.1321448786403,149.2935762886027,150.14184267025195
2025-03-31 06:00:00,1743400800,149.038,149.093,148.799,148.818,3426,9,0,149.0041038741985,149.08726703883457,149.2503420805479,150.12867010636884
2025-03-31 06:30:00,1743402600,148.815,149.036,148.811,148.997,2737,9,0,149.00252523548772,149.07437174757248,149.22731098231628,150.11740970730048
2025-03-31 07:00:00,1743404400,148.993,149.047,148.696,148.859,4322,9,0,148.97063073871266,149.04360435506214,149.19382816574208,150.1048882176756
2025-03-31 07:30:00,1743406200,148.859,149.164,148.766,149.14,3583,9,0,149.00826835233207,149.05737516148184,149.18893469612917,150.0952873398878
2025-03-31 08:00:00,1743408000,149.14,149.292,149.045,149.133,3831,9,0,149.0359864962583,149.0681787098416,149.18384972375378,150.08571234148096
2025-03-31 08:30:00,1743409800,149.133,149.158,148.959,149.052,2435,9,0,149.03954505264534,149.0658674655785,149.1718633852307,150.07542664654085
2025-03-31 09:00:00,1743411600,149.05,149.21,148.962,149.21,2798,9,0,149.07742392983528,149.08645782763872,149.17533035020972,150.0668154361275
2025-03-31 09:30:00,1743413400,149.211,149.243,149.13,149.192,2085,9,0,149.10288527876077,149.1015352808332,149.17684577291794,150.05811080492225
2025-03-31 10:00:00,1743415200,149.194,149.334,149.16,149.295,1828,9,0,149.14557743903615,149.12917309785703,149.187587066289,150.05051766258472
2025-03-31 10:30:00,1743417000,149.293,149.427,149.256,149.32,1582,9,0,149.1843380081392,149.15643408387746,149.19962460571728,150.0432488301212
2025-03-31 11:00:00,1743418800,149.322,149.385,149.179,149.24,2271,9,0,149.19670733966382,149.16837207189496,149.20329509610661,150.03525630444835
2025-03-31 11:30:00,1743420600,149.241,149.407,149.149,149.371,2064,9,0,149.23543904196075,149.1973189187671,149.21854099646055,150.02864678898123
2025-03-31 12:00:00,1743422400,149.374,149.56,149.342,149.491,2041,9,0,149.2922303659695,149.23927335894325,149.24330999678233,150.02329706968789
2025-03-31 12:30:00,1743424200,149.493,149.636,149.42,149.597,2660,9,0,149.35995695130958,149.29037716480852,149.27546363343848,150.01905530780047
2025-03-31 13:00:00,1743426000,149.596,149.662,149.506,149.515,2809,9,0,149.39441096212968,149.32246614126444,149.29723966676224,150.01403983210096
2025-03-31 13:30:00,1743427800,149.517,149.797,149.403,149.662,4966,9,0,149.45387519276753,149.37097097822667,149.33039969705658,150.01053694819947
2025-03-31 14:00:00,1743429600,149.664,149.861,149.66,149.802,4800,9,0,149.5312362610414,149.4325465527657,149.3732724518696,150.00846195369004
2025-03-31 14:30:00,1743431400,149.803,149.885,149.51,149.511,5582,9,0,149.52673931414333,149.44375418808488,149.3857931380633,150.0035120835041
2025-03-31 15:00:00,1743433200,149.508,149.84,149.454,149.751,4287,9,0,149.57657502211148,149.48764644692992,149.4189937618757,150.00099952545926
2025-03-31 15:30:00,1743435000,149.753,149.956,149.686,149.904,2797,9,0,149.64933612830893,149.54712552593992,149.4630852380688,150.00003435605174
2025-03-31 16:00:00,1743436800,149.906,149.952,149.797,149.93,2307,9,0,149.71170587757362,149.60182187937707,149.505532034608,149.99933749678758
2025-03-31 16:30:00,1743438600,149.927,149.983,149.882,149.893,1764,9,0,149.75199346033503,149.64341875375177,149.54075639509816,149.99827941224245
2025-03-31 17:00:00,1743440400,149.892,150.07,149.867,150.027,2065,9,0,149.813106024705,149.6982160746444,149.58496035918014,149.99856518923508
2025-03-31 17:30:00,1743442200,150.027,150.096,149.959,150.02,1924,9,0,149.85908246365946,149.74418520683807,149.62450941743649,149.99877847093424
2025-03-31 18:00:00,1743444000,150.021,150.264,150.007,150.229,2279,9,0,149.94128636062402,149.81344446300406,149.67946310676044,150.00106923241748
2025-03-31 18:30:00,1743445800,150.226,150.238,150.09,150.117,1719,9,0,149.9803338360409,149.85680953971777,149.719239187964,150.00222277239345
2025-03-31 19:00:00,1743447600,150.116,150.148,150.03,150.043,1844,9,0,149.99425965025404,149.88340817690096,149.74867198905818,150.00262851595173
2025-03-31 19:30:00,1743449400,150.044,150.065,149.87,149.962,2798,9,0,149.98709083908648,149.89463558020083,149.76806544459834,150.0022242521114
2025-03-31 20:00:00,1743451200,149.958,149.996,149.88,149.928,830,9,0,149.9739595415117,149.89940192588642,149.78260494963484,150.00148570233915
2025-03-31 20:30:00,1743453000,149.93,149.978,149.928,149.949,609,9,0,149.96841297673132,149.9064873650455,149.7977317723953,150.00096345654472
2025-03-31 21:00:00,1743454800,149.944,149.954,149.86,149.907,434,38,0,149.9547656485688,149.90656059861044,149.80766524763212,150.0000284967781
2025-03-31 21:30:00,1743456600,149.907,149.928,149.816,149.875,278,38,0,149.93703994888685,149.9020519416661,149.81378658875647,149.99878443213356
2025-03-31 22:00:00,1743458400,149.876,149.98,149.83,149.875,824,9,0,149.92325329357868,149.89818737857092,149.81935144432407,149.9975527462417
2025-03-31 22:30:00,1743460200,149.875,149.936,149.821,149.89,679,9,0,149.91586367278342,149.8970177530608,149.8257740402946,149.9964825696622
2025-03-31 23:00:00,1743462000,149.89,150.139,149.878,150.049,1239,9,0,149.94544952327598,149.91872950262353,149.84606730935872,149.99700513115812
2025-03-31 23:30:00,1743463800,150.05,150.073,149.891,149.944,1885,9,0,149.9451274069924,149.92233957367733,149.85497028123518,149.99647771691775
2025-04-01 00:00:00,1743465600,149.941,149.972,149.765,149.942,3239,9,0,149.9444324276608,149.92514820600914,149.86288207385016,149.99593565008277
2025-04-01 00:30:00,1743467400,149.942,149.982,149.672,149.732,3471,9,0,149.89722522151393,149.8975556051507,149.85098370350013,149.99330942470883
2025-04-01 01:00:00,1743469200,149.729,149.748,149.631,149.689,2338,9,0,149.8509529500664,149.86776194727202,149.83625791227286,149.99028147023412
2025-04-01 01:30:00,1743471000,149.689,149.91,149.688,149.82,2163,9,0,149.8440745167183,149.86093881194745,149.83477992024805,149.98858712724672
2025-04-01 02:00:00,1743472800,149.818,149.85,149.687,149.75,1699,9,0,149.82316906855868,149.8450904102407,149.82707265477097,149.98621312598058
2025-04-01 02:30:00,1743474600,149.751,149.848,149.729,149.842,1288,9,0,149.82735371999007,149.84464892306346,149.82842968615543,149.98477816950316
2025-04-01 03:00:00,1743476400,149.844,149.914,149.76,149.774,925,9,0,149.81549733777007,149.83455621976867,149.82348153286858,149.98268087428426
2025-04-01 03:30:00,1743478200,149.771,149.8,149.656,149.659,1392,9,0,149.78072015159893,149.80947675980173,149.80852866624417,149.97946016906752
2025-04-01 04:00:00,1743480000,149.656,149.663,149.556,149.632,1611,9,0,149.7476712290214,149.78412293697292,149.79248060567653,149.97600285395242
2025-04-01 04:30:00,1743481800,149.633,149.639,149.53,149.556,1097,9,0,149.70507762257222,149.7515339459768,149.77098236879684,149.97182372107727
2025-04-01 05:00:00,1743483600,149.556,149.905,149.543,149.866,1735,9,0,149.74083815088952,149.7678862394087,149.77962033526984,149.97077074872826
2025-04-01 05:30:00,1743485400,149.864,149.918,149.805,149.826,1601,9,0,149.7597630062474,149.77618820520746,149.78383666842714,149.9693302437658
2025-04-01 06:00:00,1743487200,149.824,149.897,149.749,149.858,2158,9,0,149.78159344930353,149.78787560446355,149.7905787894792,149.96822248014624
2025-04-01 06:30:00,1743489000,149.857,149.986,149.785,149.943,2021,9,0,149.81746157168052,149.81003623239735,149.80443526316293,149.96797151019456
2025-04-01 07:00:00,1743490800,149.94,149.945,149.766,149.855,2924,9,0,149.8258034446404,149.81645962776918,149.80903205742084,149.96684741556575
2025-04-01 07:30:00,1743492600,149.857,149.883,149.579,149.615,2377,9,0,149.7789582347203,149.78767968094502,149.79139277947348,149.96334644625665
2025-04-01 08:00:00,1743494400,149.616,149.639,149.497,149.622,2162,9,0,149.74407862700468,149.76401115509572,149.77599343588497,149.95994996420436
2025-04-01 08:30:00,1743496200,149.619,149.687,149.575,149.664,1545,9,0,149.7262833765592,149.74972384722489,149.7658122144409,149.95700518844114
2025-04-01 09:00:00,1743498000,149.664,149.675,149.529,149.649,1701,9,0,149.70910929287936,149.73533472619278,149.755192922219,149.95394046019797
2025-04-01 09:30:00,1743499800,149.647,149.72,149.6,149.617,1341,9,0,149.68864056112838,149.7184297653081,149.74262992929002,149.95058781880297
2025-04-01 10:00:00,1743501600,149.617,149.654,149.39,149.491,3569,9,0,149.6447204364332,149.6859397988355,149.71975448117274,149.94601480568056
2025-04-01 10:30:00,1743503400,149.491,149.504,149.353,149.4,2486,9,0,149.59033811722583,149.64509125614472,149.69068589197522,149.94058182253946
2025-04-01 11:00:00,1743505200,149.402,149.432,149.218,149.255,2410,9,0,149.5158185356201,149.58936393383834,149.65107808361384,149.93376011286244
2025-04-01 11:30:00,1743507000,149.256,149.263,149.114,149.197,2374,9,0,149.44496997214895,149.53331194329002,149.60979825783076,149.92642916646582
2025-04-01 12:00:00,1743508800,149.194,149.279,149.12,149.208,2468,9,0,149.3923099783381,149.4868388085343,149.5732711434825,149.91928061754575
2025-04-01 12:30:00,1743510600,149.206,149.39,149.17,149.383,2055,9,0,149.39024109426296,149.4720046930294,149.55597376680225,149.91394449199805
2025-04-01 13:00:00,1743512400,149.385,149.536,149.385,149.517,2097,9,0,149.4184097399823,149.4784325940252,149.55243069709297,149.90999479556027
2025-04-01 13:30:00,1743514200,149.52,149.542,149.38,149.506,4331,9,0,149.43787424220847,149.48237079487876,149.54820972462997,149.90597494684823
2025-04-01 14:00:00,1743516000,149.503,149.506,148.97,149.157,6131,9,0,149.37545774393993,149.43588925275324,149.51264520420906,149.89852245981493
2025-04-01 14:30:00,1743517800,149.157,149.354,149.116,149.277,4762,9,0,149.35357824528663,149.41319078807422,149.49122291291732,149.8923381567322
2025-04-01 15:00:00,1743519600,149.279,149.507,149.278,149.301,4195,9,0,149.34189419077848,149.39716353263506,149.4739299208339,149.88645419497368
2025-04-01 15:30:00,1743521400,149.304,149.407,149.194,149.402,3734,9,0,149.35525103727215,149.39785445654434,149.4673908371217,149.8816337552227
2025-04-01 16:00:00,1743523200,149.4,149.738,149.373,149.563,3104,9,0,149.4014174734339,149.421446677038,149.47608257920155,149.87846327009612
2025-04-01 16:30:00,1743525000,149.566,149.572,149.404,149.513,3056,9,0,149.42621359044858,149.43452572317545,149.47943870836502,149.8748268196474
2025-04-01 17:00:00,1743526800,149.51,149.558,149.384,149.423,2474,9,0,149.42549945923778,149.43287919129327,149.47430791669547,149.8703310303972
2025-04-01 17:30:00,1743528600,149.421,149.545,149.419,149.458,2112,9,0,149.43272180162938,149.4364678782514,149.47282537881404,149.86622823407487
2025-04-01 18:00:00,1743530400,149.457,149.467,149.256,149.272,2347,9,0,149.39700584571173,149.41297246707262,149.45456852619458,149.86031551532787
2025-04-01 18:30:00,1743532200,149.271,149.425,149.234,149.393,2159,9,0,149.3961156577758,149.41011925749083,149.4489713874496,149.85566560970273
2025-04-01 19:00:00,1743534000,149.391,149.517,149.385,149.479,1970,9,0,149.4145344004923,149.41995936356358,149.45170126131782,149.85191769318828
2025-04-01 19:30:00,1743535800,149.479,149.644,149.476,149.613,1708,9,0,149.45863786704956,149.44753659734022,149.46636478301622,149.84954040270878
2025-04-01 20:00:00,1743537600,149.615,149.619,149.524,149.535,495,9,0,149.47560722992745,149.46003136914877,149.47260434819657,149.84641064745793
2025-04-01 20:30:00,1743539400,149.536,149.628,149.519,149.605,688,9,0,149.50436117883245,149.48074117355608,149.4846403165423,149.84400855146333
2025-04-01 21:00:00,1743541200,149.588,149.6,149.394,149.573,248,38,0,149.51961425020303,149.49392100590524,149.49267301503846,149.84131194896122
2025-04-01 21:30:00,1743543000,149.535,149.634,149.529,149.616,387,38,0,149.54103330571348,149.51136086220447,149.50388455912588,149.8390700390213
2025-04-01 22:00:00,1743544800,149.642,149.871,149.632,149.811,1093,9,0,149.60102590444382,149.55416645331812,149.5318041446599,149.83879073515044
2025-04-01 22:30:00,1743546600,149.811,149.835,149.71,149.821,959,9,0,149.64990903678964,149.59228553141554,149.55809467696355,149.83861371291013
2025-04-01 23:00:00,1743548400,149.818,149.84,149.741,149.817,1403,9,0,149.6870403619475,149.62438759835618,149.5816315245123,149.83839865109013
2025-04-01 23:30:00,1743550200,149.817,149.866,149.743,149.746,1417,9,0,149.70014250373697,149.64176079859104,149.596574113193,149.83747926152705
2025-04-02 00:00:00,1743552000,149.744,149.874,149.685,149.764,2763,9,0,149.7143330584621,149.65922354164948,149.61179464835726,149.83674812459643
2025-04-02 00:30:00,1743553800,149.767,149.915,149.737,149.789,2558,9,0,149.7309257121372,149.67776303569957,149.62790422577933,149.83627301887907
2025-04-02 01:00:00,1743555600,149.79,149.949,149.773,149.864,2369,9,0,149.76049777610672,149.70436831631392,149.6493674779812,149.8365489092385
2025-04-02 01:30:00,1743557400,149.866,149.895,149.801,149.858,1591,9,0,149.7821649369719,149.72631569969764,149.66833407089197,149.83676235292768
2025-04-02 02:00:00,1743559200,149.858,149.889,149.794,149.864,1337,9,0,149.80035050653368,149.74598488545513,149.68612188262907,149.8370333742916
2025-04-02 02:30:00,1743561000,149.864,149.864,149.756,149.79,1018,9,0,149.79805039397064,149.75227275896154,149.69556534784462,149.83656538051756
2025-04-02 03:00:00,1743562800,149.788,149.788,149.739,149.777,999,9,0,149.79337252864383,149.75580522196702,149.70296849804055,149.83597269016414
2025-04-02 03:30:00,1743564600,149.778,149.794,149.709,149.744,938,9,0,149.78240085561185,149.75411876168602,149.70669863458232,149.83505753901824
2025-04-02 04:00:00,1743566400,149.744,149.825,149.721,149.8,808,9,0,149.786311776587,149.7606732243023,149.71518057689303,149.83470870778424
2025-04-02 04:30:00,1743568200,149.801,149.912,149.786,149.896,1170,9,0,149.81068693734545,149.78000562083056,149.7316187062664,149.8353185713884
2025-04-02 05:00:00,1743570000,149.898,149.947,149.855,149.874,1122,9,0,149.82475650682423,149.79343338928334,149.74456246024218,149.83570346122534
2025-04-02 05:30:00,1743571800,149.876,149.919,149.824,149.886,1067,9,0,149.8383661719744,149.8066571908143,149.75742041840198,149.8362039242977
2025-04-02 06:00:00,1743573600,149.883,149.974,149.812,149.967,1476,9,0,149.8669514670912,149.82956330641227,149.77647310763817,149.83750537778727
2025-04-02 06:30:00,1743575400,149.969,149.997,149.723,149.759,2063,9,0,149.84296225218205,149.81948283406768,149.77488464330742,149.8367242297496
2025-04-02 07:00:00,1743577200,149.757,149.82,149.625,149.679,2340,9,0,149.8065261961416,149.79941385777232,149.7661678575522,149.8351548344287
2025-04-02 07:30:00,1743579000,149.681,149.744,149.643,149.667,2015,9,0,149.7755203747768,149.7804975923763,149.75715259777473,149.83348165199658
2025-04-02 08:00:00,1743580800,149.669,149.673,149.514,149.553,2080,9,0,149.72607140260416,149.74799793632255,149.73859327070429,149.83069078978767
2025-04-02 08:30:00,1743582600,149.551,149.676,149.525,149.654,1516,9,0,149.71005553535878,149.73456965970504,149.73090297336753,149.82893267247636
2025-04-02 09:00:00,1743584400,149.652,149.716,149.501,149.6,2012,9,0,149.6855987497235,149.71534542260432,149.7190027030614,149.8266547354368
2025-04-02 09:30:00,1743586200,149.6,149.638,149.42,149.443,1798,9,0,149.63168791645163,149.67643893366085,149.69391154823762,149.8228372753827
2025-04-02 10:00:00,1743588000,149.444,149.479,149.31,149.387,3612,9,0,149.57731282390682,149.63509051456646,149.66601049839784,149.8185005860754
2025-04-02 10:30:00,1743589800,149.387,149.45,149.343,149.401,1709,9,0,149.53813219637198,149.60164901248552,149.6419186349071,149.81434635138808
2025-04-02 11:00:00,1743591600,149.401,149.43,149.216,149.259,1820,9,0,149.4761028194004,149.55269915355902,149.60710784991554,149.80882051704592
2025-04-02 11:30:00,1743593400,149.258,149.325,149.187,149.217,1725,9,0,149.41852441508922,149.504742131622,149.57164349992323,149.8029317556823
2025-04-02 12:00:00,1743595200,149.216,149.41,149.113,149.117,2404,9,0,149.35151898951383,149.44935039853317,149.53031227265745,149.79610656408346
2025-04-02 12:30:00,1743597000,149.117,149.232,149.097,149.174,2607,9,0,149.31207032517742,149.41001462731415,149.4979202478704,149.78991644901794
2025-04-02 13:00:00,1743598800,149.174,149.235,149.15,149.208,2210,9,0,149.2889435862491,149.38115539484073,149.47156386170036,149.78412623559487
2025-04-02 13:30:00,1743600600,149.21,149.563,149.21,149.506,4420,9,0,149.3371783448604,149.3989903384349,149.4746944197276,149.78135881036508
2025-04-02 14:00:00,1743602400,149.498,149.688,149.491,149.635,3828,9,0,149.40336093489142,149.4327060043728,149.4892676542978,149.7799025037943
2025-04-02 14:30:00,1743604200,149.632,149.785,149.56,149.692,3894,9,0,149.46750294935998,149.46974800374812,149.50769786754344,149.77902785201525
2025-04-02 15:00:00,1743606000,149.691,150.085,149.632,150.029,3620,9,0,149.59228007172442,149.5496411460698,149.55508897049404,149.78151513706982
2025-04-02 15:30:00,1743607800,150.03,150.045,149.833,149.985,3210,9,0,149.67955116689677,149.61183526805985,149.5941717913582,149.7835398620741
2025-04-02 16:00:00,1743609600,149.984,150.15,149.95,150.135,2643,9,0,149.7807620186975,149.68657308690845,149.6433379921438,149.78703697787438
2025-04-02 16:30:00,1743611400,150.137,150.252,150.116,150.189,2848,9,0,149.87148157009804,149.75834836020726,149.69294362922165,149.79103660993533
2025-04-02 17:00:00,1743613200,150.189,150.204,150.096,150.143,2082,9,0,149.93181899896516,149.8132985944634,149.73385784474695,149.79453873321958
2025-04-02 17:30:00,1743615000,150.142,150.149,150.062,150.135,1921,9,0,149.97697033252845,149.8592559381115,149.77032531340632,149.79792640751592
2025-04-02 18:00:00,1743616800,150.132,150.163,150.003,150.003,2700,9,0,149.9827547030777,149.87979080409556,149.7914775576421,149.79996694077445
2025-04-02 18:30:00,1743618600,150.001,150.106,149.92,149.921,2057,9,0,149.9690314357271,149.8856778320819,149.8032523251292,149.8011712498215
2025-04-02 19:00:00,1743620400,149.924,150.035,149.916,150.033,2109,9,0,149.98324667223218,149.90672385607022,149.82413847739016,149.80347800355463
2025-04-02 19:30:00,1743622200,150.03,150.082,150.008,150.025,2265,9,0,149.9925251895139,149.92362044806018,149.84239861580923,149.80568220252425
2025-04-02 20:00:00,1743624000,150.02,150.376,149.417,149.63,2657,9,0,149.9119640362886,149.88167466976586,149.82308965073565,149.80393412090712
2025-04-02 20:30:00,1743625800,149.638,149.837,149.04,149.04,3009,9,0,149.7181942504467,149.76143543122788,149.75189968248696,149.79633278637073
2025-04-02 21:00:00,1743627600,149.042,149.226,148.688,148.8,441,76,0,149.51415108368076,149.62408751248105,149.6653633477154,149.78641902730237
2025-04-02 21:30:00,1743629400,148.773,148.984,148.548,148.621,831,38,0,149.31567306508504,149.48078929641235,149.57042122519582,149.77482281807548
2025-04-02 22:00:00,1743631200,148.694,148.706,148.141,148.47,3177,9,0,149.12774571728835,149.33639082549632,149.4703829319962,149.76183950645284
2025-04-02 22:30:00,1743633000,148.472,148.504,148.3,148.408,2591,9,0,148.9678022245576,149.20376356471115,149.37380266545108,149.74836846658764
2025-04-02 23:00:00,1743634800,148.416,148.416,147.976,147.998,4932,9,0,148.75229061910036,149.03151162689528,149.24872969586463,149.73095186493006
2025-04-02 23:30:00,1743636600,147.996,148.007,147.682,147.879,6915,9,0,148.55822603707804,148.8668671087674,149.12420881442236,149.71252448318947
2025-04-03 00:00:00,1743638400,147.876,148.333,147.689,148.259,9015,9,0,148.4917313621718,148.78002895037207,149.04555346765667,149.69806155300847
2025-04-03 00:30:00,1743640200,148.261,148.292,147.71,147.883,8047,9,0,148.3564577261336,148.6518819574618,148.9398667887788,149.68000123904818
2025-04-03 01:00:00,1743642000,147.884,148.108,147.776,147.8,6825,9,0,148.23280045365948,148.53018453496725,148.83624253525346,149.66129475905765
2025-04-03 01:30:00,1743643800,147.799,147.834,147.538,147.751,5493,9,0,148.1257336861796,148.41887245854338,148.73758412295768,149.64228685100733
2025-04-03 02:00:00,1743645600,147.751,147.885,147.514,147.642,4420,9,0,148.018237311473,148.30789067875148,148.63798556632517,149.62238349925602
2025-04-03 02:30:00,1743647400,147.643,147.784,147.547,147.783,3529,9,0,147.9659623533679,148.2329062960727,148.56025960575013,149.60408117588037
2025-04-03 03:00:00,1743649200,147.782,147.79,147.477,147.524,2875,9,0,147.86774849706393,148.13163396806232,148.46605418704556,149.58338385074723
2025-04-03 03:30:00,1743651000,147.527,147.602,147.114,147.269,3258,9,0,147.73469327549418,148.00840054405342,148.35723107913233,149.56035515571492
2025-04-03 04:00:00,1743652800,147.268,147.482,147.205,147.274,2973,9,0,147.63231699205102,147.90348618061722,148.25875552648395,149.53760535317048
2025-04-03 04:30:00,1743654600,147.277,147.554,147.202,147.551,2504,9,0,147.614246549373,147.85313101195763,148.1944141149854,149.517838135726
2025-04-03 05:00:00,1743656400,147.552,147.633,147.193,147.204,3191,9,0,147.52308064951234,147.7603980102494,148.1043764681685,149.49481487069392
2025-04-03 05:30:00,1743658200,147.202,147.204,146.963,147.01,4711,9,0,147.40906272739846,147.65319829449948,148.004887698335,149.47009034461738
2025-04-03 06:00:00,1743660000,147.011,147.387,146.923,147.228,7568,9,0,147.36882656575438,147.59245568099956,147.93426154394092,149.44778098795453
2025-04-03 06:30:00,1743661800,147.227,147.304,146.819,146.838,6447,9,0,147.25086510669786,147.48467629799964,147.83460140358267,149.42181301792513
2025-04-03 07:00:00,1743663600,146.839,147.467,146.802,147.348,6987,9,0,147.27245063854278,147.46515111257114,147.79036491234788,149.4011780625229
2025-04-03 07:30:00,1743665400,147.35,147.37,147.067,147.261,4095,9,0,147.26990605219993,147.43598666791812,147.74224082940717,149.37988275841818
2025-04-03 08:00:00,1743667200,147.26,147.359,147.114,147.17,3622,9,0,147.24770470726662,147.39798857250125,147.69021893582467,149.35789387524983
2025-04-03 08:30:00,1743669000,147.168,147.188,146.682,146.812,3988,9,0,147.15088143898515,147.31427591928679,147.61038085074972,149.33256159788417
2025-04-03 09:00:00,1743670800,146.81,146.855,146.5,146.501,4482,9,0,147.0064633414329,147.19809364510297,147.5095280461361,149.30438685561668
2025-04-03 09:30:00,1743672600,146.502,146.645,146.298,146.556,5006,9,0,146.90636037667002,147.10636598151686,147.42284367830553,149.277039722725
2025-04-03 10:00:00,1743674400,146.555,146.62,146.256,146.377,6779,9,0,146.78872473741,147.00217084130017,147.32776698027774,149.24818360608097
2025-04-03 10:30:00,1743676200,146.38,146.746,146.376,146.705,5124,9,0,146.77011924020778,146.95971786397158,147.27115180025248,149.22287829656773
2025-04-03 11:00:00,1743678000,146.702,146.77,146.476,146.515,4237,9,0,146.71342607571717,146.89618674054708,147.20241072750224,149.1959342339153
2025-04-03 11:30:00,1743679800,146.515,146.515,146.014,146.04,5455,9,0,146.56377583666892,146.77387434904037,147.09673702500203,149.16453190322957
2025-04-03 12:00:00,1743681600,146.037,146.359,146.003,146.14,6035,9,0,146.46960342852026,146.68332087060602,147.00976093182,149.13443705842133
2025-04-03 12:30:00,1743683400,146.137,146.155,145.744,145.891,7766,9,0,146.3410248888491,146.57013217480517,146.90805539256363,149.1021640528649
2025-04-03 13:00:00,1743685200,145.888,146.053,145.522,145.757,9045,9,0,146.21124158021595,146.4539704355473,146.80341399323967,149.06887883840855
2025-04-03 13:30:00,1743687000,145.758,146.081,145.579,145.642,13053,9,0,146.08474345127905,146.33797465904053,146.69783090294516,149.03478054150895
2025-04-03 14:00:00,1743688800,145.634,145.892,145.186,145.817,12747,9,0,146.02524490655037,146.26354970774904,146.6177553663138,149.00276282467803
2025-04-03 14:30:00,1743690600,145.815,145.916,145.314,145.43,9071,9,0,145.8929682606503,146.1444711780706,146.5097776057398,148.9672129458255
2025-04-03 15:00:00,1743692400,145.428,146.063,145.358,145.906,8030,9,0,145.895864202728,146.11040386691766,146.4548887324907,148.9367531155188
2025-04-03 15:30:00,1743694200,145.904,146.251,145.853,146.045,9017,9,0,145.92900549101066,146.10106045735802,146.4176261204461,148.9079794526778
2025-04-03 16:00:00,1743696000,146.047,146.403,146.01,146.343,7691,9,0,146.02100427078605,146.13562324916404,146.41084192767826,148.88245726906908
2025-04-03 16:30:00,1743697800,146.345,146.428,146.101,146.147,6977,9,0,146.0490033217225,146.13724849928346,146.38685629788932,148.85523878877984
2025-04-03 17:00:00,1743699600,146.148,146.272,146.003,146.245,5833,9,0,146.0925581391175,146.1526415708144,146.37396027080845,148.82926626351835
2025-04-03 17:30:00,1743701400,146.241,146.258,146.045,146.084,5350,9,0,146.09065633042474,146.14283563212663,146.3476002461895,148.80195018129427
2025-04-03 18:00:00,1743703200,146.082,146.164,145.962,146.16,3927,9,0,146.10606603477478,146.14528768467997,146.33054567835407,148.77566211978888
2025-04-03 18:30:00,1743705000,146.16,146.478,146.112,146.422,5279,9,0,146.17627358260262,146.18481801544,146.33885970759462,148.7522425962089
2025-04-03 19:00:00,1743706800,146.419,146.516,146.331,146.4,4578,9,0,146.2259905642465,146.21555829894857,146.3444179159951,148.72883719724166
2025-04-03 19:30:00,1743708600,146.401,146.447,146.211,146.248,4662,9,0,146.2308815499695,146.2201928276702,146.33565265090465,148.70415225000542
2025-04-03 20:00:00,1743710400,146.247,146.3,146.127,146.145,1085,9,0,146.21179676108738,146.2094509951459,146.3183205917315,148.67868804851284
2025-04-03 20:30:00,1743712200,146.149,146.185,146.036,146.045,1110,9,0,146.17473081417907,146.18595799583935,146.29347326521045,148.65248219728386
2025-04-03 21:00:00,1743714000,146.017,146.041,145.917,145.991,330,38,0,146.1339017443615,146.15810685357658,146.26597569564586,148.62599978736066
2025-04-03 21:30:00,1743715800,145.989,146.009,145.829,145.92,355,38,0,146.08636802339228,146.12409158877995,146.23452335967804,148.59907441634215
2025-04-03 22:00:00,1743717600,145.941,146.004,145.535,145.665,1700,9,0,145.99273068486067,146.0585070760971,146.18274850879823,148.56987964603027
2025-04-03 22:30:00,1743719400,145.662,145.754,145.546,145.631,1754,9,0,145.91234608822498,145.99743463665467,146.1325895534529,148.5406370624877
2025-04-03 23:00:00,1743721200,145.631,146.059,145.618,146.048,2887,9,0,145.94249140195276,146.00465825998972,146.1248995940481,148.51583470365696
2025-04-03 23:30:00,1743723000,146.048,146.265,146.024,146.251,3576,9,0,146.01104886818547,146.03984993713408,146.13636326731643,148.49329903496385
2025-04-04 00:00:00,1743724800,146.25,146.403,146.162,146.257,5132,9,0,146.06570467525535,146.07087137468636,146.14733024301492,148.47104730327268
2025-04-04 00:30:00,1743726600,146.26,146.265,145.811,145.958,4693,9,0,146.04177030297637,146.05474689258833,146.13011840274083,148.446041857469
2025-04-04 01:00:00,1743728400,145.957,146.402,145.957,146.182,4631,9,0,146.0729324578705,146.07292590793284,146.13483491158257,148.4235140777927
2025-04-04 01:30:00,1743730200,146.18,146.24,145.882,146.063,4368,9,0,146.0707252450104,146.0715079210853,146.12830446507505,148.4000263755261
2025-04-04 02:00:00,1743732000,146.062,146.288,145.988,146.245,3614,9,0,146.10945296834143,146.09629250378742,146.13891315006822,148.3785833270134
2025-04-04 02:30:00,1743733800,146.242,146.268,146.003,146.12,3393,9,0,146.11179675315447,146.09967928896066,146.1371937727893,148.35610986107295
2025-04-04 03:00:00,1743735600,146.118,146.176,145.891,145.938,2993,9,0,146.07317525245347,146.07658224768056,146.11908524799026,148.33204906643542
2025-04-04 03:30:00,1743737400,145.938,145.948,145.619,145.663,4009,9,0,145.9820251963527,146.0174990694405,146.0776229527184,148.30549136428183
2025-04-04 04:00:00,1743739200,145.662,145.794,145.576,145.668,3694,9,0,145.91224181938543,145.967570630949,146.04038450247126,148.27924766911485
2025-04-04 04:30:00,1743741000,145.67,145.761,145.355,145.422,3210,9,0,145.80329919285532,145.88963196938488,145.98416772951933,148.25081734404904
2025-04-04 05:00:00,1743742800,145.423,145.554,145.298,145.547,3839,9,0,145.74634381666525,145.84068454518703,145.94442520865394,148.22391368888438
2025-04-04 05:30:00,1743744600,145.547,145.899,145.533,145.851,3897,9,0,145.7696007462952,145.8421581815889,145.93593200786722,148.20030260740296
2025-04-04 06:00:00,1743746400,145.852,146.09,145.772,146.04,5203,9,0,145.8296894693407,145.8704212985048,145.94539273442476,148.1788070590706
2025-04-04 06:30:00,1743748200,146.039,146.156,145.896,146.031,5623,9,0,145.87442514282054,145.89336111300412,145.9531752131134,148.1574358445525
2025-04-04 07:00:00,1743750000,146.033,146.172,145.792,146.067,7139,9,0,145.91721955552708,145.91816666828925,145.9635229210122,148.13663548789032
2025-04-04 07:30:00,1743751800,146.065,146.299,145.931,146.268,6981,9,0,145.99517076540997,145.96814285853364,145.99120265546566,148.1180420999511
2025-04-04 08:00:00,1743753600,146.272,146.471,146.142,146.355,5960,9,0,146.0751328175411,146.0234081644574,146.02427514133242,148.10049939248893
